Unsorted sequence:
29094
28823
27204
25355
25081
24860
24592
24288
24066
23891
22990
20829
20344
19618
19541
19431
18414
18328
17290
16248
16040
15892
12806
12594
11324
11148
9333
9054
9031
9009
8833
7971
7871
6138
4924
4868
3545
3490
2917
2707
2647
976
334
-1288
-1314
-2044
-2772
-2792
-2985
-3597
-4768
-4884
-6085
-6216
-6330
-6651
-6710
-7921
-8826
-9735
-9799
-10285
-10383
-11098
-11260
-11370
-12621
-13260
-13333
-13490
-13597
-14647
-14916
-15214
-15851
-15886
-16746
-17190
-17281
-18080
-18946
-19111
-19288
-19409
-19577
-20851
-22346
-22364
-23820
-25524
-25762
-26857
-27131
-27232
-27509
-27990
-31449
-31799
-31999
-32513

Sorted sequence:
-32513
-31999
-31799
-31449
-27990
-27509
-27232
-27131
-26857
-25762
-25524
-23820
-22364
-22346
-20851
-19577
-19409
-19288
-19111
-18946
-18080
-17281
-17190
-16746
-15886
-15851
-15214
-14916
-14647
-13597
-13490
-13333
-13260
-12621
-11370
-11260
-11098
-10383
-10285
-9799
-9735
-8826
-7921
-6710
-6651
-6330
-6216
-6085
-4884
-4768
-3597
-2985
-2792
-2772
-2044
-1314
-1288
334
976
2647
2707
2917
3490
3545
4868
4924
6138
7871
7971
8833
9009
9031
9054
9333
11148
11324
12594
12806
15892
16040
16248
17290
18328
18414
19431
19541
19618
20344
20829
22990
23891
24066
24288
24592
24860
25081
25355
27204
28823
29094

Running time: 0 ms
# Comparisons: 4950
