Unsorted sequence:
32668
32610
32555
32443
32435
32420
32219
32214
32029
32025
31994
31962
31862
31851
31731
31615
31594
31584
31530
31512
31448
31402
31345
31234
31118
31035
30971
30956
30914
30905
30794
30736
30725
30494
30486
30354
30334
30317
30305
30161
30038
29963
29961
29825
29806
29736
29735
29726
29660
29613
29544
29517
29450
29375
29269
29249
29231
29030
29028
28993
28908
28897
28849
28832
28811
28737
28676
28665
28664
28635
28607
28438
28356
28187
28064
27971
27957
27898
27891
27853
27822
27725
27657
27629
27617
27355
27322
27134
27125
27118
27114
26782
26671
26657
26589
26552
26516
26513
26501
26450
26370
26310
26276
26214
26146
26139
26133
26124
26014
25922
25914
25904
25864
25806
25742
25727
25693
25690
25591
25558
25496
25440
25383
25233
25218
25194
25161
25076
25053
25028
24781
24660
24492
24306
24286
24280
24226
24174
24152
24135
24017
23881
23856
23754
23735
23729
23720
23678
23632
23568
23416
23348
23323
23313
23288
23243
23165
23104
23057
22986
22787
22737
22702
22690
22653
22588
22547
22271
22160
22040
21967
21955
21832
21803
21719
21650
21562
21483
21435
21429
21295
21270
21241
21158
21035
21009
20807
20766
20675
20560
20549
20542
20536
20464
20393
20360
20245
20114
20039
20028
19967
19959
19922
19871
19862
19789
19750
19693
19653
19645
19414
19378
19368
19329
19293
19270
19200
19073
18883
18849
18788
18777
18668
18625
18474
18433
18264
18253
18216
18195
18189
18142
17927
17910
17867
17852
17794
17712
17590
17476
17451
17376
17362
17322
17313
17215
17075
17069
16991
16813
16753
16708
16610
16601
16574
16453
16387
16267
16194
16182
16131
16080
15954
15953
15949
15922
15894
15889
15862
15856
15823
15533
15512
15439
15385
15380
15374
15097
15047
15030
14903
14901
14490
14420
14384
14331
14275
14242
14129
14097
14043
13994
13968
13907
13899
13857
13642
13547
13530
13496
13442
13331
13318
13286
13237
13115
12822
12807
12716
12663
12632
12474
12387
12368
12364
12364
12293
12234
12181
12087
12087
12082
11997
11956
11876
11857
11820
11819
11794
11790
11771
11722
11711
11689
11660
11595
11568
11487
11470
11410
11403
11329
11246
11206
11147
11144
11091
10994
10933
10852
10810
10800
10746
10693
10678
10619
10614
10608
10543
10468
10396
10289
10250
10104
10086
10066
10063
9998
9940
9906
9726
9720
9690
9522
9342
9251
9243
9109
9106
8804
8661
8612
8536
8433
8417
8372
8354
8337
8337
8316
8265
8027
7987
7970
7933
7931
7925
7856
7794
7765
7740
7717
7697
7696
7669
7633
7610
7576
7453
7413
7403
7384
7381
7331
7262
7104
7077
7018
6986
6961
6949
6944
6936
6929
6918
6797
6729
6717
6591
6534
6492
6460
6434
6262
6203
5927
5904
5873
5818
5785
5734
5620
5394
5330
5214
5211
5186
5084
5062
5001
4965
4906
4895
4867
4842
4814
4681
4535
4532
4443
4440
4303
4280
4200
4192
4098
4070
4061
3992
3972
3928
3876
3875
3872
3827
3758
3712
3606
3560
3461
3451
3425
3401
3379
3255
3192
3111
3111
3108
3089
3033
3003
2941
2826
2707
2696
2680
2602
2513
2501
2280
2248
2234
2223
2222
2215
2123
2086
1913
1905
1731
1708
1696
1575
1462
1419
1339
1315
1277
1276
1267
1250
1238
1046
934
925
820
740
589
561
554
539
333
322
285
176
163
105
-34
-125
-128
-144
-185
-274
-588
-619
-640
-778
-778
-800
-839
-1021
-1100
-1153
-1176
-1204
-1231
-1330
-1448
-1472
-1477
-1488
-1563
-1584
-1702
-1942
-2004
-2018
-2298
-2445
-2626
-2626
-2686
-2730
-2823
-2925
-2980
-2994
-3078
-3095
-3135
-3139
-3146
-3160
-3190
-3252
-3295
-3375
-3672
-3819
-3863
-3927
-3973
-4027
-4060
-4159
-4272
-4359
-4384
-4386
-4416
-4527
-4614
-4621
-4695
-4728
-4752
-4762
-4805
-4841
-4940
-4969
-4998
-5009
-5068
-5114
-5118
-5197
-5211
-5411
-5509
-5696
-5704
-5866
-5918
-6097
-6243
-6256
-6317
-6391
-6447
-6491
-6522
-6572
-6708
-6790
-6800
-6963
-6977
-7059
-7181
-7508
-7515
-7565
-7577
-7675
-7735
-7773
-7774
-7805
-8027
-8037
-8107
-8201
-8206
-8213
-8221
-8304
-8346
-8421
-8422
-8475
-8585
-8760
-8766
-8845
-9144
-9174
-9433
-9451
-9485
-9611
-9616
-9792
-10122
-10154
-10158
-10189
-10200
-10225
-10368
-10480
-10914
-10989
-11034
-11133
-11163
-11209
-11261
-11320
-11629
-11685
-11863
-11874
-11897
-11923
-11997
-12091
-12182
-12191
-12206
-12238
-12286
-12320
-12344
-12376
-12401
-12431
-12514
-12959
-12974
-13041
-13086
-13115
-13130
-13269
-13409
-13420
-13498
-13510
-13651
-13994
-14000
-14022
-14055
-14058
-14160
-14218
-14285
-14310
-14322
-14353
-14407
-14419
-14481
-14516
-14560
-14598
-14618
-14678
-14704
-14848
-14856
-14857
-14935
-14968
-15020
-15036
-15141
-15143
-15178
-15186
-15278
-15376
-15383
-15466
-15612
-15728
-15793
-15802
-15819
-16064
-16175
-16215
-16314
-16359
-16371
-16443
-16552
-16607
-16621
-16622
-16653
-16669
-16766
-16855
-16859
-16908
-16967
-17121
-17162
-17219
-17362
-17370
-17408
-17483
-17571
-17625
-17697
-17767
-17775
-17833
-17846
-17855
-17858
-17866
-17883
-17883
-17930
-18010
-18138
-18309
-18309
-18573
-18648
-18680
-18761
-19076
-19158
-19269
-19304
-19345
-19409
-19482
-19616
-19694
-19745
-19789
-19830
-19917
-19927
-20048
-20226
-20229
-20250
-20260
-20385
-20484
-20900
-21006
-21061
-21154
-21211
-21230
-21269
-21293
-21342
-21402
-21528
-21552
-21633
-21698
-21777
-21797
-21832
-21851
-21890
-21894
-22050
-22070
-22223
-22268
-22313
-22437
-22438
-22470
-22580
-22687
-22750
-22781
-22814
-22872
-22919
-22994
-23077
-23092
-23093
-23144
-23155
-23166
-23322
-23359
-23453
-23457
-23561
-23728
-23798
-23818
-23820
-23955
-23981
-24024
-24229
-24256
-24278
-24324
-24342
-24464
-24563
-24571
-24590
-24600
-24610
-24717
-24814
-24886
-24918
-24935
-25038
-25061
-25333
-25355
-25393
-25490
-25612
-25778
-25816
-25841
-25992
-26005
-26057
-26083
-26126
-26195
-26253
-26290
-26445
-26505
-26637
-26730
-26836
-26906
-26933
-26964
-26997
-27077
-27212
-27241
-27286
-27288
-27332
-27483
-27498
-27532
-27627
-27682
-27984
-28070
-28188
-28211
-28253
-28270
-28316
-28320
-28347
-28422
-28450
-28569
-28634
-28634
-28716
-28800
-28923
-29015
-29130
-29253
-29274
-29331
-29359
-29360
-29393
-29493
-29513
-29532
-29610
-29647
-29750
-30070
-30165
-30401
-30463
-30918
-30983
-30988
-31015
-31125
-31131
-31179
-31220
-31312
-31332
-31364
-31416
-31567
-31577
-31625
-31788
-31913
-31978
-32033
-32042
-32076
-32160
-32177
-32234
-32340
-32372
-32617
-32642
-32652

Sorted sequence:
-32652
-32642
-32617
-32372
-32340
-32234
-32177
-32160
-32076
-32042
-32033
-31978
-31913
-31788
-31625
-31577
-31567
-31416
-31364
-31332
-31312
-31220
-31179
-31131
-31125
-31015
-30988
-30983
-30918
-30463
-30401
-30165
-30070
-29750
-29647
-29610
-29532
-29513
-29493
-29393
-29360
-29359
-29331
-29274
-29253
-29130
-29015
-28923
-28800
-28716
-28634
-28634
-28569
-28450
-28422
-28347
-28320
-28316
-28270
-28253
-28211
-28188
-28070
-27984
-27682
-27627
-27532
-27498
-27483
-27332
-27288
-27286
-27241
-27212
-27077
-26997
-26964
-26933
-26906
-26836
-26730
-26637
-26505
-26445
-26290
-26253
-26195
-26126
-26083
-26057
-26005
-25992
-25841
-25816
-25778
-25612
-25490
-25393
-25355
-25333
-25061
-25038
-24935
-24918
-24886
-24814
-24717
-24610
-24600
-24590
-24571
-24563
-24464
-24342
-24324
-24278
-24256
-24229
-24024
-23981
-23955
-23820
-23818
-23798
-23728
-23561
-23457
-23453
-23359
-23322
-23166
-23155
-23144
-23093
-23092
-23077
-22994
-22919
-22872
-22814
-22781
-22750
-22687
-22580
-22470
-22438
-22437
-22313
-22268
-22223
-22070
-22050
-21894
-21890
-21851
-21832
-21797
-21777
-21698
-21633
-21552
-21528
-21402
-21342
-21293
-21269
-21230
-21211
-21154
-21061
-21006
-20900
-20484
-20385
-20260
-20250
-20229
-20226
-20048
-19927
-19917
-19830
-19789
-19745
-19694
-19616
-19482
-19409
-19345
-19304
-19269
-19158
-19076
-18761
-18680
-18648
-18573
-18309
-18309
-18138
-18010
-17930
-17883
-17883
-17866
-17858
-17855
-17846
-17833
-17775
-17767
-17697
-17625
-17571
-17483
-17408
-17370
-17362
-17219
-17162
-17121
-16967
-16908
-16859
-16855
-16766
-16669
-16653
-16622
-16621
-16607
-16552
-16443
-16371
-16359
-16314
-16215
-16175
-16064
-15819
-15802
-15793
-15728
-15612
-15466
-15383
-15376
-15278
-15186
-15178
-15143
-15141
-15036
-15020
-14968
-14935
-14857
-14856
-14848
-14704
-14678
-14618
-14598
-14560
-14516
-14481
-14419
-14407
-14353
-14322
-14310
-14285
-14218
-14160
-14058
-14055
-14022
-14000
-13994
-13651
-13510
-13498
-13420
-13409
-13269
-13130
-13115
-13086
-13041
-12974
-12959
-12514
-12431
-12401
-12376
-12344
-12320
-12286
-12238
-12206
-12191
-12182
-12091
-11997
-11923
-11897
-11874
-11863
-11685
-11629
-11320
-11261
-11209
-11163
-11133
-11034
-10989
-10914
-10480
-10368
-10225
-10200
-10189
-10158
-10154
-10122
-9792
-9616
-9611
-9485
-9451
-9433
-9174
-9144
-8845
-8766
-8760
-8585
-8475
-8422
-8421
-8346
-8304
-8221
-8213
-8206
-8201
-8107
-8037
-8027
-7805
-7774
-7773
-7735
-7675
-7577
-7565
-7515
-7508
-7181
-7059
-6977
-6963
-6800
-6790
-6708
-6572
-6522
-6491
-6447
-6391
-6317
-6256
-6243
-6097
-5918
-5866
-5704
-5696
-5509
-5411
-5211
-5197
-5118
-5114
-5068
-5009
-4998
-4969
-4940
-4841
-4805
-4762
-4752
-4728
-4695
-4621
-4614
-4527
-4416
-4386
-4384
-4359
-4272
-4159
-4060
-4027
-3973
-3927
-3863
-3819
-3672
-3375
-3295
-3252
-3190
-3160
-3146
-3139
-3135
-3095
-3078
-2994
-2980
-2925
-2823
-2730
-2686
-2626
-2626
-2445
-2298
-2018
-2004
-1942
-1702
-1584
-1563
-1488
-1477
-1472
-1448
-1330
-1231
-1204
-1176
-1153
-1100
-1021
-839
-800
-778
-778
-640
-619
-588
-274
-185
-144
-128
-125
-34
0
105
163
176
285
322
333
539
554
561
589
740
820
925
934
1046
1238
1250
1267
1276
1277
1315
1339
1419
1462
1575
1696
1708
1731
1905
1913
2086
2123
2215
2222
2223
2234
2248
2280
2501
2513
2602
2680
2696
2707
2826
2941
3003
3033
3089
3108
3111
3111
3192
3255
3379
3401
3425
3451
3461
3560
3606
3712
3758
3827
3872
3875
3876
3928
3972
3992
4061
4070
4098
4192
4200
4280
4303
4440
4443
4532
4535
4681
4814
4842
4867
4895
4906
4965
5001
5062
5084
5186
5211
5214
5330
5394
5620
5734
5785
5818
5873
5904
5927
6203
6262
6434
6460
6492
6534
6591
6717
6729
6797
6918
6929
6936
6944
6949
6961
6986
7018
7077
7104
7262
7331
7381
7384
7403
7413
7453
7576
7610
7633
7669
7696
7697
7717
7740
7765
7794
7856
7925
7931
7933
7970
7987
8027
8265
8316
8337
8337
8354
8372
8417
8433
8536
8612
8661
8804
9106
9109
9243
9251
9342
9522
9690
9720
9726
9906
9940
9998
10063
10066
10086
10104
10250
10289
10396
10468
10543
10608
10614
10619
10678
10693
10746
10800
10810
10852
10933
10994
11091
11144
11147
11206
11246
11329
11403
11410
11470
11487
11568
11595
11660
11689
11711
11722
11771
11790
11794
11819
11820
11857
11876
11956
11997
12082
12087
12087
12181
12234
12293
12364
12364
12368
12387
12474
12632
12663
12716
12807
12822
13115
13237
13286
13318
13331
13442
13496
13530
13547
13642
13857
13899
13907
13968
13994
14043
14097
14129
14242
14275
14331
14384
14420
14490
14901
14903
15030
15047
15097
15374
15380
15385
15439
15512
15533
15823
15856
15862
15889
15894
15922
15949
15953
15954
16080
16131
16182
16194
16267
16387
16453
16574
16601
16610
16708
16753
16813
16991
17069
17075
17215
17313
17322
17362
17376
17451
17476
17590
17712
17794
17852
17867
17910
17927
18142
18189
18195
18216
18253
18264
18433
18474
18625
18668
18777
18788
18849
18883
19073
19200
19270
19293
19329
19368
19378
19414
19645
19653
19693
19750
19789
19862
19871
19922
19959
19967
20028
20039
20114
20245
20360
20393
20464
20536
20542
20549
20560
20675
20766
20807
21009
21035
21158
21241
21270
21295
21429
21435
21483
21562
21650
21719
21803
21832
21955
21967
22040
22160
22271
22547
22588
22653
22690
22702
22737
22787
22986
23057
23104
23165
23243
23288
23313
23323
23348
23416
23568
23632
23678
23720
23729
23735
23754
23856
23881
24017
24135
24152
24174
24226
24280
24286
24306
24492
24660
24781
25028
25053
25076
25161
25194
25218
25233
25383
25440
25496
25558
25591
25690
25693
25727
25742
25806
25864
25904
25914
25922
26014
26124
26133
26139
26146
26214
26276
26310
26370
26450
26501
26513
26516
26552
26589
26657
26671
26782
27114
27118
27125
27134
27322
27355
27617
27629
27657
27725
27822
27853
27891
27898
27957
27971
28064
28187
28356
28438
28607
28635
28664
28665
28676
28737
28811
28832
28849
28897
28908
28993
29028
29030
29231
29249
29269
29375
29450
29517
29544
29613
29660
29726
29735
29736
29806
29825
29961
29963
30038
30161
30305
30317
30334
30354
30486
30494
30725
30736
30794
30905
30914
30956
30971
31035
31118
31234
31345
31402
31448
31512
31530
31584
31594
31615
31731
31851
31862
31962
31994
32025
32029
32214
32219
32420
32435
32443
32555
32610

Running time: 10 ms
# Comparisons: 500500
