Unsorted sequence:
32687
32654
32491
32417
32311
32237
32229
32098
31992
31971
31936
31925
31879
31845
31762
31715
31688
31640
31624
31541
31540
31514
31468
31406
31358
31281
31245
31210
31029
31018
30885
30879
30870
30795
30519
30317
30317
30178
30131
30007
29975
29974
29920
29913
29857
29687
29622
29604
29569
29564
29485
29447
29387
29364
29347
29298
28936
28875
28825
28787
28766
28717
28715
28699
28520
28348
28260
28256
28211
28197
28178
28174
28153
28075
28072
28013
27913
27862
27812
27671
27611
27593
27577
27535
27529
27524
27483
27344
27272
27195
27113
27065
27052
26998
26827
26810
26696
26673
26668
26630
26613
26595
26482
26476
26329
26314
26235
26186
26038
25863
25841
25799
25647
25616
25613
25609
25573
25558
25532
25502
25465
25406
25390
25379
25367
25347
25255
25189
25082
25056
25008
24982
24962
24918
24793
24729
24728
24696
24668
24561
24533
24481
24446
24428
24351
24326
24240
24239
24036
24001
23812
23809
23729
23669
23643
23618
23611
23577
23486
23474
23470
23319
23316
23232
23176
23061
22898
22854
22847
22757
22748
22594
22440
22408
22369
22201
22190
22144
22114
22057
22016
21991
21750
21739
21668
21573
21476
21447
21447
21412
21385
21326
21278
21198
21175
21159
21157
21154
21025
20975
20952
20946
20792
20762
20653
20525
20331
20093
20033
19954
19911
19892
19891
19775
19756
19727
19652
19600
19421
19301
19102
19087
19080
19036
19023
18999
18934
18758
18714
18663
18413
18404
18344
18336
18323
18165
18116
18045
17916
17914
17848
17846
17825
17802
17798
17636
17603
17557
17475
17406
17250
17203
17175
17109
17107
17053
16978
16796
16691
16593
16520
16453
16415
16308
16212
16198
16157
16148
16105
16081
15853
15745
15724
15710
15704
15686
15499
15476
15258
15244
15181
15137
15135
15070
15030
14967
14966
14956
14883
14720
14684
14661
14659
14540
14463
14346
14245
14199
14103
14098
14069
13734
13595
13576
13466
13445
13348
13245
13200
13174
13152
13033
12969
12943
12876
12861
12585
12466
12394
12261
12210
11991
11949
11886
11861
11816
11632
11488
11460
11415
11385
11351
11273
11159
11115
11098
11071
11051
10987
10912
10907
10899
10810
10777
10681
10580
10539
10504
10493
10480
10447
10441
10255
10204
10115
10102
9991
9918
9854
9840
9837
9728
9704
9611
9503
9482
9449
9426
9414
9378
9119
8990
8988
8980
8871
8834
8767
8603
8573
8529
8516
8412
8394
8368
8307
8273
8199
8193
8178
8091
8088
8073
7921
7894
7877
7849
7844
7674
7593
7570
7465
7431
7386
7336
7291
7270
7210
7088
7086
7008
6908
6885
6881
6762
6747
6533
6466
6331
6325
6251
6204
6175
6108
6018
5960
5676
5637
5586
5525
5509
5502
5395
5262
5191
5167
4939
4935
4847
4818
4783
4722
4569
4542
4539
4470
4427
4385
4377
4357
4333
4301
4271
4260
4145
4133
4081
3944
3760
3633
3622
3596
3565
3144
3103
2856
2853
2828
2809
2417
2329
2195
2188
2155
2146
2140
2092
2053
2018
1866
1854
1814
1682
1625
1594
1549
1485
1442
1432
1431
1427
1425
1389
1387
1387
1367
1352
1349
1316
1275
1187
1143
1050
892
829
729
724
629
553
514
390
337
157
128
73
33
23
-84
-120
-132
-254
-272
-307
-373
-390
-403
-454
-552
-564
-822
-915
-917
-984
-1161
-1167
-1170
-1290
-1310
-1444
-1546
-1592
-1754
-1799
-1805
-1891
-1908
-2052
-2083
-2178
-2210
-2221
-2231
-2242
-2343
-2500
-2531
-2552
-2727
-2732
-2799
-2831
-2883
-2952
-2985
-3025
-3028
-3085
-3180
-3198
-3231
-3320
-3335
-3392
-3408
-3420
-3424
-3515
-3561
-3567
-3700
-3769
-3879
-3895
-4011
-4160
-4291
-4538
-4577
-4648
-4650
-4922
-5048
-5052
-5115
-5119
-5312
-5355
-5395
-5461
-5469
-5640
-5802
-5947
-5989
-6019
-6033
-6128
-6173
-6183
-6394
-6511
-6567
-6597
-6656
-6691
-6728
-6849
-6854
-6892
-6930
-7008
-7140
-7213
-7227
-7269
-7343
-7346
-7371
-7371
-7400
-7423
-7613
-7638
-7641
-7668
-7691
-7719
-7828
-7859
-7893
-7920
-8018
-8148
-8158
-8256
-8351
-8483
-8507
-8508
-8540
-8594
-8594
-8595
-8625
-8676
-8732
-8787
-8827
-8853
-9105
-9238
-9326
-9332
-9340
-9346
-9526
-9529
-9632
-9637
-9639
-9651
-9704
-9740
-9778
-9942
-9994
-10011
-10054
-10088
-10164
-10384
-10457
-10467
-10498
-10525
-10596
-10599
-10697
-10781
-10884
-10927
-10934
-11027
-11041
-11055
-11088
-11096
-11171
-11300
-11367
-11448
-11552
-11574
-11619
-11725
-11743
-11839
-11982
-12013
-12077
-12104
-12221
-12339
-12351
-12395
-12415
-12440
-12486
-12582
-12585
-12653
-12736
-12752
-12848
-12898
-12959
-12980
-13005
-13134
-13147
-13261
-13385
-13426
-13602
-13715
-13733
-13739
-13742
-13873
-13901
-13952
-14076
-14079
-14279
-14346
-14491
-14621
-14688
-14691
-14705
-14865
-14877
-14921
-14977
-15173
-15257
-15320
-15347
-15495
-15511
-15682
-15785
-15810
-15816
-15825
-15870
-15889
-16172
-16224
-16314
-16419
-16427
-16612
-16766
-16818
-16896
-16902
-16989
-16992
-16997
-17022
-17047
-17073
-17149
-17256
-17258
-17348
-17378
-17394
-17558
-17714
-17745
-17769
-17771
-17771
-17827
-17828
-17852
-18074
-18161
-18266
-18302
-18335
-18350
-18401
-18413
-18428
-18486
-18529
-18536
-18587
-18605
-18681
-18704
-18766
-19012
-19019
-19034
-19165
-19545
-19571
-19624
-19699
-19731
-19871
-20038
-20107
-20202
-20216
-20234
-20235
-20244
-20299
-20308
-20448
-20487
-20503
-20511
-20632
-20649
-20679
-20774
-20810
-20817
-20876
-20954
-21045
-21107
-21119
-21122
-21131
-21261
-21376
-21378
-21410
-21935
-21944
-22028
-22115
-22119
-22125
-22172
-22204
-22281
-22388
-22528
-22561
-22602
-22643
-22748
-22790
-23037
-23046
-23227
-23313
-23515
-23524
-23698
-24040
-24042
-24059
-24087
-24224
-24354
-24467
-24556
-24594
-24612
-24671
-24703
-24706
-24766
-24899
-24979
-25010
-25025
-25147
-25150
-25298
-25379
-25393
-25454
-25606
-25688
-25728
-25842
-25948
-25989
-26056
-26063
-26094
-26168
-26320
-26402
-26438
-26463
-26473
-26480
-26567
-26578
-26585
-26585
-26609
-26859
-26949
-26951
-27001
-27053
-27128
-27323
-27344
-27457
-27473
-27493
-27494
-27519
-27650
-27711
-27781
-27855
-27957
-28066
-28108
-28209
-28324
-28391
-28403
-28619
-28647
-28682
-28753
-28953
-29023
-29044
-29048
-29131
-29189
-29250
-29261
-29377
-29563
-29707
-29723
-29757
-29764
-29789
-30007
-30029
-30125
-30274
-30279
-30305
-30362
-30545
-30550
-30827
-30858
-30902
-30943
-31001
-31011
-31504
-31584
-31598
-31628
-31747
-31760
-31963
-32009
-32027
-32085
-32158
-32276
-32336
-32344
-32370
-32456
-32458
-32520
-32681
-32689

Sorted sequence:
-32689
-32681
-32520
-32458
-32456
-32370
-32344
-32336
-32276
-32158
-32085
-32027
-32009
-31963
-31760
-31747
-31628
-31598
-31584
-31504
-31011
-31001
-30943
-30902
-30858
-30827
-30550
-30545
-30362
-30305
-30279
-30274
-30125
-30029
-30007
-29789
-29764
-29757
-29723
-29707
-29563
-29377
-29261
-29250
-29189
-29131
-29048
-29044
-29023
-28953
-28753
-28682
-28647
-28619
-28403
-28391
-28324
-28209
-28108
-28066
-27957
-27855
-27781
-27711
-27650
-27519
-27494
-27493
-27473
-27457
-27344
-27323
-27128
-27053
-27001
-26951
-26949
-26859
-26609
-26585
-26585
-26578
-26567
-26480
-26473
-26463
-26438
-26402
-26320
-26168
-26094
-26063
-26056
-25989
-25948
-25842
-25728
-25688
-25606
-25454
-25393
-25379
-25298
-25150
-25147
-25025
-25010
-24979
-24899
-24766
-24706
-24703
-24671
-24612
-24594
-24556
-24467
-24354
-24224
-24087
-24059
-24042
-24040
-23698
-23524
-23515
-23313
-23227
-23046
-23037
-22790
-22748
-22643
-22602
-22561
-22528
-22388
-22281
-22204
-22172
-22125
-22119
-22115
-22028
-21944
-21935
-21410
-21378
-21376
-21261
-21131
-21122
-21119
-21107
-21045
-20954
-20876
-20817
-20810
-20774
-20679
-20649
-20632
-20511
-20503
-20487
-20448
-20308
-20299
-20244
-20235
-20234
-20216
-20202
-20107
-20038
-19871
-19731
-19699
-19624
-19571
-19545
-19165
-19034
-19019
-19012
-18766
-18704
-18681
-18605
-18587
-18536
-18529
-18486
-18428
-18413
-18401
-18350
-18335
-18302
-18266
-18161
-18074
-17852
-17828
-17827
-17771
-17771
-17769
-17745
-17714
-17558
-17394
-17378
-17348
-17258
-17256
-17149
-17073
-17047
-17022
-16997
-16992
-16989
-16902
-16896
-16818
-16766
-16612
-16427
-16419
-16314
-16224
-16172
-15889
-15870
-15825
-15816
-15810
-15785
-15682
-15511
-15495
-15347
-15320
-15257
-15173
-14977
-14921
-14877
-14865
-14705
-14691
-14688
-14621
-14491
-14346
-14279
-14079
-14076
-13952
-13901
-13873
-13742
-13739
-13733
-13715
-13602
-13426
-13385
-13261
-13147
-13134
-13005
-12980
-12959
-12898
-12848
-12752
-12736
-12653
-12585
-12582
-12486
-12440
-12415
-12395
-12351
-12339
-12221
-12104
-12077
-12013
-11982
-11839
-11743
-11725
-11619
-11574
-11552
-11448
-11367
-11300
-11171
-11096
-11088
-11055
-11041
-11027
-10934
-10927
-10884
-10781
-10697
-10599
-10596
-10525
-10498
-10467
-10457
-10384
-10164
-10088
-10054
-10011
-9994
-9942
-9778
-9740
-9704
-9651
-9639
-9637
-9632
-9529
-9526
-9346
-9340
-9332
-9326
-9238
-9105
-8853
-8827
-8787
-8732
-8676
-8625
-8595
-8594
-8594
-8540
-8508
-8507
-8483
-8351
-8256
-8158
-8148
-8018
-7920
-7893
-7859
-7828
-7719
-7691
-7668
-7641
-7638
-7613
-7423
-7400
-7371
-7371
-7346
-7343
-7269
-7227
-7213
-7140
-7008
-6930
-6892
-6854
-6849
-6728
-6691
-6656
-6597
-6567
-6511
-6394
-6183
-6173
-6128
-6033
-6019
-5989
-5947
-5802
-5640
-5469
-5461
-5395
-5355
-5312
-5119
-5115
-5052
-5048
-4922
-4650
-4648
-4577
-4538
-4291
-4160
-4011
-3895
-3879
-3769
-3700
-3567
-3561
-3515
-3424
-3420
-3408
-3392
-3335
-3320
-3231
-3198
-3180
-3085
-3028
-3025
-2985
-2952
-2883
-2831
-2799
-2732
-2727
-2552
-2531
-2500
-2343
-2242
-2231
-2221
-2210
-2178
-2083
-2052
-1908
-1891
-1805
-1799
-1754
-1592
-1546
-1444
-1310
-1290
-1170
-1167
-1161
-984
-917
-915
-822
-564
-552
-454
-403
-390
-373
-307
-272
-254
-132
-120
-84
23
33
73
128
157
337
390
514
553
629
724
729
829
892
1050
1143
1187
1275
1316
1349
1352
1367
1387
1387
1389
1425
1427
1431
1432
1442
1485
1549
1594
1625
1682
1814
1854
1866
2018
2053
2092
2140
2146
2155
2188
2195
2329
2417
2809
2828
2853
2856
3103
3144
3565
3596
3622
3633
3760
3944
4081
4133
4145
4260
4271
4301
4333
4357
4377
4385
4427
4470
4539
4542
4569
4722
4783
4818
4847
4935
4939
5167
5191
5262
5395
5502
5509
5525
5586
5637
5676
5960
6018
6108
6175
6204
6251
6325
6331
6466
6533
6747
6762
6881
6885
6908
7008
7086
7088
7210
7270
7291
7336
7386
7431
7465
7570
7593
7674
7844
7849
7877
7894
7921
8073
8088
8091
8178
8193
8199
8273
8307
8368
8394
8412
8516
8529
8573
8603
8767
8834
8871
8980
8988
8990
9119
9378
9414
9426
9449
9482
9503
9611
9704
9728
9837
9840
9854
9918
9991
10102
10115
10204
10255
10441
10447
10480
10493
10504
10539
10580
10681
10777
10810
10899
10907
10912
10987
11051
11071
11098
11115
11159
11273
11351
11385
11415
11460
11488
11632
11816
11861
11886
11949
11991
12210
12261
12394
12466
12585
12861
12876
12943
12969
13033
13152
13174
13200
13245
13348
13445
13466
13576
13595
13734
14069
14098
14103
14199
14245
14346
14463
14540
14659
14661
14684
14720
14883
14956
14966
14967
15030
15070
15135
15137
15181
15244
15258
15476
15499
15686
15704
15710
15724
15745
15853
16081
16105
16148
16157
16198
16212
16308
16415
16453
16520
16593
16691
16796
16978
17053
17107
17109
17175
17203
17250
17406
17475
17557
17603
17636
17798
17802
17825
17846
17848
17914
17916
18045
18116
18165
18323
18336
18344
18404
18413
18663
18714
18758
18934
18999
19023
19036
19080
19087
19102
19301
19421
19600
19652
19727
19756
19775
19891
19892
19911
19954
20033
20093
20331
20525
20653
20762
20792
20946
20952
20975
21025
21154
21157
21159
21175
21198
21278
21326
21385
21412
21447
21447
21476
21573
21668
21739
21750
21991
22016
22057
22114
22144
22190
22201
22369
22408
22440
22594
22748
22757
22847
22854
22898
23061
23176
23232
23316
23319
23470
23474
23486
23577
23611
23618
23643
23669
23729
23809
23812
24001
24036
24239
24240
24326
24351
24428
24446
24481
24533
24561
24668
24696
24728
24729
24793
24918
24962
24982
25008
25056
25082
25189
25255
25347
25367
25379
25390
25406
25465
25502
25532
25558
25573
25609
25613
25616
25647
25799
25841
25863
26038
26186
26235
26314
26329
26476
26482
26595
26613
26630
26668
26673
26696
26810
26827
26998
27052
27065
27113
27195
27272
27344
27483
27524
27529
27535
27577
27593
27611
27671
27812
27862
27913
28013
28072
28075
28153
28174
28178
28197
28211
28256
28260
28348
28520
28699
28715
28717
28766
28787
28825
28875
28936
29298
29347
29364
29387
29447
29485
29564
29569
29604
29622
29687
29857
29913
29920
29974
29975
30007
30131
30178
30317
30317
30519
30795
30870
30879
30885
31018
31029
31210
31245
31281
31358
31406
31468
31514
31540
31541
31624
31640
31688
31715
31762
31845
31879
31925
31936
31971
31992
32098
32229
32237
32311
32417
32491
32654
32687

Running time: 0.01 ms
# Comparisons: 499500
