Unsorted sequence:
30095
29547
29264
28989
28956
28935
26576
25444
25163
25076
24441
22523
22460
21875
21570
21502
21157
21078
19553
18528
18250
17081
15721
15698
15238
14717
13966
13187
12524
12188
12065
11875
11718
11624
10727
9355
8508
8312
8278
7754
7365
6754
5979
4655
3923
3227
3193
3150
1922
1821
801
383
-277
-991
-1524
-1539
-3346
-3451
-3533
-3727
-3943
-4823
-6620
-7251
-8383
-9422
-9695
-10444
-11705
-12979
-13240
-13287
-13810
-14231
-14532
-16070
-16177
-16507
-16596
-17323
-17390
-19830
-20119
-21340
-22045
-23060
-23595
-24582
-25610
-25654
-25855
-25869
-25944
-27056
-27526
-28665
-29405
-29693
-30032
-32356

Sorted sequence:
-32356
-30032
-29693
-29405
-28665
-27526
-27056
-25944
-25869
-25855
-25654
-25610
-24582
-23595
-23060
-22045
-21340
-20119
-19830
-17390
-17323
-16596
-16507
-16177
-16070
-14532
-14231
-13810
-13287
-13240
-12979
-11705
-10444
-9695
-9422
-8383
-7251
-6620
-4823
-3943
-3727
-3533
-3451
-3346
-1539
-1524
-991
-277
0
383
801
1821
1922
3150
3193
3227
3923
4655
5979
6754
7365
7754
8278
8312
8508
9355
10727
11624
11718
11875
12065
12188
12524
13187
13966
14717
15238
15698
15721
17081
18250
18528
19553
21078
21157
21502
21570
21875
22460
22523
24441
25076
25163
25444
26576
28935
28956
28989
29264
29547

Running time: 0 ms
# Comparisons: 5050
