Unsorted sequence:
29993
29661
29604
28819
27739
27691
27037
26371
26312
26270
25440
24320
23876
23702
23234
22787
22603
21686
20600
20413
20074
18849
18292
16269
15810
15083
13518
12447
11862
11469
10778
9562
8966
8310
8089
7136
6969
6345
6117
5341
5117
5038
2284
2048
1250
59
-330
-338
-1324
-2837
-3945
-4286
-4495
-5394
-5614
-6127
-6498
-6938
-7527
-8730
-10993
-11425
-11475
-11830
-12192
-12645
-12993
-13641
-13920
-14009
-14256
-15019
-15296
-15597
-15906
-16931
-17930
-18883
-19679
-19986
-20412
-20417
-20452
-20555
-20796
-23583
-24172
-24503
-25344
-25468
-26797
-27278
-27527
-27947
-28435
-29514
-30117
-31341
-31891
-32379

Sorted sequence:
-32379
-31891
-31341
-30117
-29514
-28435
-27947
-27527
-27278
-26797
-25468
-25344
-24503
-24172
-23583
-20796
-20555
-20452
-20417
-20412
-19986
-19679
-18883
-17930
-16931
-15906
-15597
-15296
-15019
-14256
-14009
-13920
-13641
-12993
-12645
-12192
-11830
-11475
-11425
-10993
-8730
-7527
-6938
-6498
-6127
-5614
-5394
-4495
-4286
-3945
-2837
-1324
-338
-330
59
1250
2048
2284
5038
5117
5341
6117
6345
6969
7136
8089
8310
8966
9562
10778
11469
11862
12447
13518
15083
15810
16269
18292
18849
20074
20413
20600
21686
22603
22787
23234
23702
23876
24320
25440
26270
26312
26371
27037
27691
27739
28819
29604
29661
29993

Running time: 0 ms
# Comparisons: 236
