Unsorted sequence:
-32711
-32552
-32551
-32542
-32346
-32332
-32270
-32267
-32267
-32256
-32205
-32120
-32024
-31904
-31864
-31849
-31830
-31720
-31661
-31571
-31416
-31383
-31324
-31321
-31267
-31194
-31190
-31089
-31026
-30973
-30954
-30921
-30804
-30675
-30655
-30540
-30530
-30380
-30331
-30320
-30171
-30052
-29989
-29965
-29953
-29823
-29668
-29623
-29621
-29596
-29552
-29520
-29379
-29291
-29258
-29095
-29064
-28856
-28819
-28770
-28687
-28651
-28490
-28433
-28427
-28368
-28335
-28144
-27888
-27845
-27757
-27757
-27750
-27580
-27544
-27401
-27235
-27136
-26909
-26894
-26729
-26722
-26667
-26606
-26555
-26510
-26310
-26300
-26283
-26242
-26231
-26156
-26102
-26087
-25882
-25875
-25787
-25715
-25647
-25600
-25597
-25568
-25524
-25479
-25361
-25191
-25129
-24993
-24978
-24942
-24934
-24834
-24748
-24699
-24686
-24589
-24372
-24272
-24171
-24155
-24141
-24112
-23963
-23899
-23819
-23808
-23803
-23775
-23759
-23683
-23664
-23642
-23511
-23503
-23368
-23359
-23306
-23293
-23085
-23007
-22965
-22960
-22803
-22679
-22648
-22606
-22556
-22472
-22404
-22401
-22288
-22287
-22252
-22228
-22158
-22109
-22026
-21979
-21897
-21869
-21730
-21710
-21480
-21473
-21469
-21440
-21430
-21377
-21312
-21285
-21256
-21244
-21133
-21095
-21094
-21068
-21062
-21033
-21006
-21004
-20892
-20840
-20801
-20685
-20650
-20634
-20509
-20474
-20428
-20409
-20323
-20037
-20033
-19832
-19792
-19777
-19741
-19723
-19720
-19694
-19677
-19634
-19632
-19572
-19527
-19493
-19412
-19167
-19106
-19074
-18947
-18816
-18788
-18787
-18589
-18530
-18434
-18429
-18373
-18275
-18267
-18252
-18196
-18155
-18114
-18107
-18105
-18046
-18020
-17879
-17862
-17541
-17474
-17397
-17343
-17329
-17266
-17252
-17135
-17086
-17056
-17050
-16740
-16684
-16623
-16610
-16553
-16544
-16479
-16396
-16331
-16304
-16277
-16204
-16176
-16163
-16155
-15882
-15867
-15833
-15784
-15768
-15751
-15645
-15614
-15569
-15569
-15496
-15318
-15071
-15060
-15044
-14913
-14888
-14871
-14859
-14856
-14839
-14823
-14813
-14806
-14776
-14745
-14639
-14591
-14533
-14448
-14418
-14307
-14302
-14266
-14243
-14229
-14202
-14160
-14144
-14113
-14108
-14090
-14051
-14007
-13915
-13788
-13771
-13736
-13653
-13410
-13395
-13380
-13362
-13317
-13277
-13244
-13201
-13139
-13094
-12934
-12916
-12861
-12706
-12655
-12641
-12604
-12587
-12423
-12316
-12296
-12148
-12140
-12130
-12113
-12057
-12028
-12010
-11993
-11888
-11792
-11654
-11550
-11452
-11324
-11305
-11153
-11144
-10994
-10877
-10815
-10710
-10661
-10544
-10473
-10386
-10313
-10099
-9993
-9940
-9937
-9885
-9840
-9684
-9629
-9527
-9474
-9413
-9360
-9323
-9184
-9098
-9015
-8993
-8937
-8917
-8895
-8829
-8817
-8805
-8776
-8740
-8614
-8522
-8480
-8409
-8391
-8344
-8315
-8300
-8161
-8010
-7973
-7972
-7972
-7842
-7812
-7757
-7692
-7537
-7446
-7437
-7224
-7139
-7114
-7110
-6946
-6904
-6711
-6645
-6631
-6621
-6560
-6547
-6540
-6301
-6286
-6173
-6151
-6053
-5985
-5981
-5958
-5885
-5811
-5787
-5642
-5636
-5577
-5524
-5446
-5257
-5247
-5016
-5015
-4994
-4979
-4788
-4771
-4697
-4526
-4513
-4453
-4424
-4387
-4342
-4334
-4236
-4019
-4012
-4012
-3847
-3763
-3747
-3677
-3481
-3452
-3328
-3276
-3273
-3195
-3038
-2942
-2792
-2752
-2725
-2719
-2685
-2667
-2572
-2399
-2307
-2301
-2221
-2195
-2066
-1981
-1901
-1791
-1709
-1703
-1666
-1391
-1170
-1145
-1144
-1114
-1095
-1044
-1039
-973
-864
-863
-823
-714
-676
-636
-598
-385
-28
18
83
111
173
209
217
237
288
408
452
754
798
899
1053
1081
1165
1310
1328
1407
1411
1504
1514
1568
1612
1646
1647
1650
1669
1690
1716
1773
1863
1913
1966
2006
2051
2144
2164
2227
2330
2350
2368
2467
2479
2641
2660
2705
2739
2755
2857
2875
3062
3118
3256
3491
3690
3701
3708
3838
4083
4137
4263
4274
4294
4353
4374
4384
4392
4417
4448
4483
4763
4797
4851
4979
4991
5106
5126
5183
5302
5311
5555
5620
5637
5676
5748
5749
5780
5816
5820
5901
5902
5964
6067
6282
6321
6322
6326
6352
6364
6473
6501
6526
6612
6640
6724
6733
6781
6831
6855
6939
7025
7091
7126
7170
7290
7335
7349
7375
7397
7397
7397
7402
7413
7519
7532
7561
7622
7653
7679
7687
7710
7719
7738
7785
7808
7820
7913
7914
7923
7945
8066
8212
8258
8279
8337
8371
8474
8490
8507
8569
8683
8722
8819
8865
8868
9120
9130
9293
9369
9472
9564
9682
9820
9850
9883
10037
10051
10100
10285
10351
10489
10695
10733
10824
10870
10872
10925
10968
11001
11033
11079
11197
11197
11512
11719
11848
11903
11968
11974
12058
12141
12155
12179
12230
12318
12468
12538
12576
12605
12647
12654
12704
12736
12753
12761
12782
12820
12854
12884
12921
12977
12981
12997
12997
13013
13090
13118
13122
13125
13160
13183
13352
13443
13480
13632
13643
13685
13724
13813
13829
13829
13912
14008
14031
14159
14184
14217
14324
14465
14564
14643
14654
14660
14689
14709
14781
14805
14921
14924
15139
15218
15286
15354
15379
15394
15602
15636
15687
15756
15765
15802
15808
15823
15867
15919
15975
15981
16003
16011
16020
16024
16083
16206
16207
16235
16267
16330
16359
16377
16408
16477
16485
16537
16569
16649
16767
16943
16977
17032
17036
17149
17159
17172
17192
17342
17440
17555
17592
17629
17712
17729
17971
17983
18048
18096
18104
18171
18189
18299
18433
18515
18519
18586
18623
18797
18811
18923
19105
19165
19249
19342
19358
19405
19450
19458
19563
19587
19659
19692
19731
19798
19914
20024
20037
20198
20330
20361
20396
20423
20490
20494
20725
20824
21016
21018
21116
21122
21166
21198
21204
21268
21303
21370
21417
21535
21600
21756
21854
21921
21940
22037
22095
22096
22186
22362
22567
22621
22721
22764
22819
22869
22950
23021
23102
23133
23177
23193
23368
23444
23454
23480
23496
23545
23692
23692
23749
23780
23807
23843
23855
23983
24023
24077
24145
24199
24261
24389
24430
24483
24517
24524
24535
24559
24611
24613
24630
24650
24680
24715
24917
24974
24992
25048
25224
25333
25472
25507
25676
25676
25763
25767
26165
26240
26272
26352
26366
26409
26446
26454
26630
26657
26765
26789
26835
26948
27029
27046
27196
27230
27251
27493
27532
27635
27708
27778
27840
27925
27970
28080
28137
28175
28265
28320
28393
28449
28465
28632
28653
28844
28985
29079
29120
29122
29289
29336
29493
29523
29772
29783
29875
29930
30229
30251
30266
30372
30507
30644
30649
30728
30801
30881
30968
31023
31047
31124
31227
31243
31327
31348
31394
31561
31622
31642
31978
32008
32034
32103
32143
32156
32391
32409
32450
32460

Sorted sequence:
-32711
-32552
-32551
-32542
-32346
-32332
-32270
-32267
-32267
-32256
-32205
-32120
-32024
-31904
-31864
-31849
-31830
-31720
-31661
-31571
-31416
-31383
-31324
-31321
-31267
-31194
-31190
-31089
-31026
-30973
-30954
-30921
-30804
-30675
-30655
-30540
-30530
-30380
-30331
-30320
-30171
-30052
-29989
-29965
-29953
-29823
-29668
-29623
-29621
-29596
-29552
-29520
-29379
-29291
-29258
-29095
-29064
-28856
-28819
-28770
-28687
-28651
-28490
-28433
-28427
-28368
-28335
-28144
-27888
-27845
-27757
-27757
-27750
-27580
-27544
-27401
-27235
-27136
-26909
-26894
-26729
-26722
-26667
-26606
-26555
-26510
-26310
-26300
-26283
-26242
-26231
-26156
-26102
-26087
-25882
-25875
-25787
-25715
-25647
-25600
-25597
-25568
-25524
-25479
-25361
-25191
-25129
-24993
-24978
-24942
-24934
-24834
-24748
-24699
-24686
-24589
-24372
-24272
-24171
-24155
-24141
-24112
-23963
-23899
-23819
-23808
-23803
-23775
-23759
-23683
-23664
-23642
-23511
-23503
-23368
-23359
-23306
-23293
-23085
-23007
-22965
-22960
-22803
-22679
-22648
-22606
-22556
-22472
-22404
-22401
-22288
-22287
-22252
-22228
-22158
-22109
-22026
-21979
-21897
-21869
-21730
-21710
-21480
-21473
-21469
-21440
-21430
-21377
-21312
-21285
-21256
-21244
-21133
-21095
-21094
-21068
-21062
-21033
-21006
-21004
-20892
-20840
-20801
-20685
-20650
-20634
-20509
-20474
-20428
-20409
-20323
-20037
-20033
-19832
-19792
-19777
-19741
-19723
-19720
-19694
-19677
-19634
-19632
-19572
-19527
-19493
-19412
-19167
-19106
-19074
-18947
-18816
-18788
-18787
-18589
-18530
-18434
-18429
-18373
-18275
-18267
-18252
-18196
-18155
-18114
-18107
-18105
-18046
-18020
-17879
-17862
-17541
-17474
-17397
-17343
-17329
-17266
-17252
-17135
-17086
-17056
-17050
-16740
-16684
-16623
-16610
-16553
-16544
-16479
-16396
-16331
-16304
-16277
-16204
-16176
-16163
-16155
-15882
-15867
-15833
-15784
-15768
-15751
-15645
-15614
-15569
-15569
-15496
-15318
-15071
-15060
-15044
-14913
-14888
-14871
-14859
-14856
-14839
-14823
-14813
-14806
-14776
-14745
-14639
-14591
-14533
-14448
-14418
-14307
-14302
-14266
-14243
-14229
-14202
-14160
-14144
-14113
-14108
-14090
-14051
-14007
-13915
-13788
-13771
-13736
-13653
-13410
-13395
-13380
-13362
-13317
-13277
-13244
-13201
-13139
-13094
-12934
-12916
-12861
-12706
-12655
-12641
-12604
-12587
-12423
-12316
-12296
-12148
-12140
-12130
-12113
-12057
-12028
-12010
-11993
-11888
-11792
-11654
-11550
-11452
-11324
-11305
-11153
-11144
-10994
-10877
-10815
-10710
-10661
-10544
-10473
-10386
-10313
-10099
-9993
-9940
-9937
-9885
-9840
-9684
-9629
-9527
-9474
-9413
-9360
-9323
-9184
-9098
-9015
-8993
-8937
-8917
-8895
-8829
-8817
-8805
-8776
-8740
-8614
-8522
-8480
-8409
-8391
-8344
-8315
-8300
-8161
-8010
-7973
-7972
-7972
-7842
-7812
-7757
-7692
-7537
-7446
-7437
-7224
-7139
-7114
-7110
-6946
-6904
-6711
-6645
-6631
-6621
-6560
-6547
-6540
-6301
-6286
-6173
-6151
-6053
-5985
-5981
-5958
-5885
-5811
-5787
-5642
-5636
-5577
-5524
-5446
-5257
-5247
-5016
-5015
-4994
-4979
-4788
-4771
-4697
-4526
-4513
-4453
-4424
-4387
-4342
-4334
-4236
-4019
-4012
-4012
-3847
-3763
-3747
-3677
-3481
-3452
-3328
-3276
-3273
-3195
-3038
-2942
-2792
-2752
-2725
-2719
-2685
-2667
-2572
-2399
-2307
-2301
-2221
-2195
-2066
-1981
-1901
-1791
-1709
-1703
-1666
-1391
-1170
-1145
-1144
-1114
-1095
-1044
-1039
-973
-864
-863
-823
-714
-676
-636
-598
-385
-28
18
83
111
173
209
217
237
288
408
452
754
798
899
1053
1081
1165
1310
1328
1407
1411
1504
1514
1568
1612
1646
1647
1650
1669
1690
1716
1773
1863
1913
1966
2006
2051
2144
2164
2227
2330
2350
2368
2467
2479
2641
2660
2705
2739
2755
2857
2875
3062
3118
3256
3491
3690
3701
3708
3838
4083
4137
4263
4274
4294
4353
4374
4384
4392
4417
4448
4483
4763
4797
4851
4979
4991
5106
5126
5183
5302
5311
5555
5620
5637
5676
5748
5749
5780
5816
5820
5901
5902
5964
6067
6282
6321
6322
6326
6352
6364
6473
6501
6526
6612
6640
6724
6733
6781
6831
6855
6939
7025
7091
7126
7170
7290
7335
7349
7375
7397
7397
7397
7402
7413
7519
7532
7561
7622
7653
7679
7687
7710
7719
7738
7785
7808
7820
7913
7914
7923
7945
8066
8212
8258
8279
8337
8371
8474
8490
8507
8569
8683
8722
8819
8865
8868
9120
9130
9293
9369
9472
9564
9682
9820
9850
9883
10037
10051
10100
10285
10351
10489
10695
10733
10824
10870
10872
10925
10968
11001
11033
11079
11197
11197
11512
11719
11848
11903
11968
11974
12058
12141
12155
12179
12230
12318
12468
12538
12576
12605
12647
12654
12704
12736
12753
12761
12782
12820
12854
12884
12921
12977
12981
12997
12997
13013
13090
13118
13122
13125
13160
13183
13352
13443
13480
13632
13643
13685
13724
13813
13829
13829
13912
14008
14031
14159
14184
14217
14324
14465
14564
14643
14654
14660
14689
14709
14781
14805
14921
14924
15139
15218
15286
15354
15379
15394
15602
15636
15687
15756
15765
15802
15808
15823
15867
15919
15975
15981
16003
16011
16020
16024
16083
16206
16207
16235
16267
16330
16359
16377
16408
16477
16485
16537
16569
16649
16767
16943
16977
17032
17036
17149
17159
17172
17192
17342
17440
17555
17592
17629
17712
17729
17971
17983
18048
18096
18104
18171
18189
18299
18433
18515
18519
18586
18623
18797
18811
18923
19105
19165
19249
19342
19358
19405
19450
19458
19563
19587
19659
19692
19731
19798
19914
20024
20037
20198
20330
20361
20396
20423
20490
20494
20725
20824
21016
21018
21116
21122
21166
21198
21204
21268
21303
21370
21417
21535
21600
21756
21854
21921
21940
22037
22095
22096
22186
22362
22567
22621
22721
22764
22819
22869
22950
23021
23102
23133
23177
23193
23368
23444
23454
23480
23496
23545
23692
23692
23749
23780
23807
23843
23855
23983
24023
24077
24145
24199
24261
24389
24430
24483
24517
24524
24535
24559
24611
24613
24630
24650
24680
24715
24917
24974
24992
25048
25224
25333
25472
25507
25676
25676
25763
25767
26165
26240
26272
26352
26366
26409
26446
26454
26630
26657
26765
26789
26835
26948
27029
27046
27196
27230
27251
27493
27532
27635
27708
27778
27840
27925
27970
28080
28137
28175
28265
28320
28393
28449
28465
28632
28653
28844
28985
29079
29120
29122
29289
29336
29493
29523
29772
29783
29875
29930
30229
30251
30266
30372
30507
30644
30649
30728
30801
30881
30968
31023
31047
31124
31227
31243
31327
31348
31394
31561
31622
31642
31978
32008
32034
32103
32143
32156
32391
32409
32450
32460

Running time: 0 ms
# Comparisons: 999
