Unsorted sequence:
-32242
-31668
-30847
-30354
-28545
-28405
-28019
-27988
-27917
-27110
-26982
-26285
-25872
-25467
-25444
-25255
-25249
-24820
-22887
-19285
-19038
-18418
-16399
-16335
-15991
-15137
-15070
-14880
-14254
-14065
-14032
-13266
-12139
-11900
-10963
-10882
-10707
-10369
-10287
-9587
-8730
-8196
-6931
-6283
-6054
-5923
-5671
-5645
-5596
-4935
-4759
-4099
-1490
278
1364
1727
1770
1923
4121
4901
4987
5002
5949
5988
6203
7018
7181
7486
8192
8973
9965
11107
11630
12147
12425
14015
14496
15871
16042
17409
17937
18423
18710
18926
18958
18981
19812
20337
21395
23274
24428
24700
24712
25623
26975
29800
30087
30687
31033
31199

Sorted sequence:
-32242
-31668
-30847
-30354
-28545
-28405
-28019
-27988
-27917
-27110
-26982
-26285
-25872
-25467
-25444
-25255
-25249
-24820
-22887
-19285
-19038
-18418
-16399
-16335
-15991
-15137
-15070
-14880
-14254
-14065
-14032
-13266
-12139
-11900
-10963
-10882
-10707
-10369
-10287
-9587
-8730
-8196
-6931
-6283
-6054
-5923
-5671
-5645
-5596
-4935
-4759
-4099
-1490
278
1364
1727
1770
1923
4121
4901
4987
5002
5949
5988
6203
7018
7181
7486
8192
8973
9965
11107
11630
12147
12425
14015
14496
15871
16042
17409
17937
18423
18710
18926
18958
18981
19812
20337
21395
23274
24428
24700
24712
25623
26975
29800
30087
30687
31033
31199

Running time: 0 ms
No comparisons for radix sort
