Unsorted sequence:
-32691
-32686
-32685
-32554
-32469
-32392
-32360
-32306
-32243
-32203
-32192
-32145
-32136
-32119
-32091
-32075
-31993
-31970
-31868
-31828
-31816
-31797
-31702
-31624
-31503
-31488
-31474
-31439
-31200
-30974
-30924
-30922
-30860
-30818
-30797
-30711
-30694
-30667
-30531
-30485
-30317
-30233
-30041
-29987
-29975
-29930
-29904
-29852
-29811
-29809
-29787
-29785
-29730
-29727
-29523
-29490
-29439
-29437
-29435
-29151
-28891
-28747
-28722
-28634
-28570
-28531
-28508
-28348
-28338
-28331
-28285
-28136
-28125
-28109
-28106
-28088
-28069
-27870
-27868
-27740
-27738
-27718
-27662
-27615
-27608
-27596
-27590
-27568
-27431
-27347
-27251
-27189
-27098
-27097
-27061
-26933
-26832
-26761
-26645
-26621
-26604
-26573
-26526
-26476
-26441
-26438
-26400
-26353
-26319
-26200
-26145
-26130
-25989
-25784
-25716
-25679
-25656
-25654
-25587
-25413
-25360
-25316
-25312
-25143
-25102
-25071
-24878
-24842
-24833
-24766
-24745
-24704
-24679
-24619
-24526
-24518
-24425
-24398
-24372
-24357
-24218
-24145
-24142
-24016
-23960
-23910
-23846
-23774
-23715
-23705
-23638
-23621
-23548
-23370
-23252
-23035
-23015
-22926
-22860
-22741
-22713
-22709
-22676
-22634
-22370
-22329
-22326
-22310
-22223
-22042
-21881
-21823
-21757
-21750
-21638
-21406
-21284
-21243
-21223
-21220
-21201
-21048
-20995
-20970
-20873
-20798
-20703
-20545
-20492
-20485
-20480
-20420
-20370
-20148
-20044
-20018
-19966
-19915
-19880
-19665
-19610
-19608
-19558
-19421
-19371
-19212
-19051
-19038
-18928
-18744
-18681
-18623
-18463
-18419
-18412
-18400
-18387
-18349
-18320
-18168
-18117
-18082
-17957
-17943
-17807
-17782
-17740
-17691
-17624
-17611
-17593
-17526
-17397
-17369
-17318
-17314
-17272
-17156
-17128
-17100
-17086
-17059
-16935
-16867
-16785
-16437
-16409
-16398
-16386
-16243
-16119
-16086
-16051
-16011
-15990
-15946
-15937
-15860
-15858
-15845
-15738
-15659
-15641
-15623
-15500
-15484
-15382
-15369
-15253
-15227
-15140
-15111
-15045
-14942
-14855
-14759
-14727
-14702
-14634
-14534
-14434
-14336
-14265
-14124
-14096
-13885
-13744
-13731
-13702
-13613
-13513
-13380
-13376
-13276
-13208
-13128
-13044
-13034
-12991
-12973
-12946
-12857
-12857
-12828
-12724
-12665
-12606
-12326
-12198
-12144
-12103
-12100
-12000
-11978
-11869
-11828
-11767
-11685
-11614
-11569
-11534
-11503
-11426
-11418
-11271
-11234
-11201
-11173
-11163
-11159
-11138
-11050
-10979
-10903
-10871
-10825
-10779
-10711
-10701
-10679
-10648
-10474
-10469
-10307
-10160
-10103
-10005
-10001
-9994
-9977
-9955
-9915
-9904
-9829
-9765
-9699
-9303
-9298
-9185
-9133
-9090
-8990
-8987
-8985
-8925
-8871
-8828
-8811
-8796
-8727
-8721
-8688
-8675
-8617
-8574
-8556
-8548
-8336
-8329
-8319
-8282
-8234
-7910
-7848
-7808
-7804
-7685
-7682
-7447
-7432
-7410
-7397
-7363
-7280
-7267
-7249
-7214
-7175
-7045
-6938
-6851
-6776
-6716
-6672
-6657
-6560
-6391
-6315
-6219
-6194
-6178
-6171
-6128
-6003
-5857
-5653
-5636
-5602
-5579
-5579
-5574
-5531
-5463
-5441
-5345
-5271
-5215
-5170
-5152
-5061
-5048
-5014
-4925
-4762
-4656
-4562
-4523
-4419
-4412
-4400
-4354
-4283
-4262
-4157
-4125
-3947
-3898
-3824
-3628
-3517
-3427
-3374
-3322
-3287
-3276
-3248
-3183
-3138
-3009
-2990
-2990
-2950
-2920
-2854
-2793
-2733
-2718
-2691
-2669
-2529
-2514
-2512
-2511
-2467
-2462
-2303
-2294
-2256
-2208
-2087
-1911
-1909
-1886
-1735
-1580
-1499
-1495
-1396
-1323
-1319
-1303
-1238
-1205
-1168
-1087
-936
-916
-777
-763
-730
-693
-676
-539
-509
-444
-424
-321
-286
-176
-121
24
60
75
103
218
232
257
274
600
606
615
700
988
1127
1310
1392
1407
1486
1515
1515
1550
1559
1620
1651
1775
1813
2020
2036
2308
2500
2550
2582
2714
2834
2907
2911
3013
3056
3174
3285
3330
3357
3435
3667
3725
3754
3845
3897
3955
4038
4101
4313
4332
4439
4533
4577
4612
4728
4797
4805
4806
4831
4872
4880
4886
4903
4952
4986
5020
5148
5235
5339
5339
5427
5444
5498
5513
5519
5531
5537
5563
5765
5937
6023
6075
6092
6107
6116
6300
6394
6413
6557
6640
6674
6676
6780
6849
7000
7017
7084
7087
7094
7104
7130
7158
7176
7269
7272
7314
7328
7341
7409
7508
7543
7645
7652
7718
7832
7853
7888
7895
8101
8127
8137
8168
8212
8245
8281
8451
8469
8540
8589
8622
8627
8720
8781
8866
8930
8962
9017
9161
9223
9279
9306
9339
9349
9486
9769
9854
9882
9883
9957
10018
10023
10033
10065
10087
10169
10175
10351
10485
10596
10721
10818
10903
10966
11056
11433
11435
11520
11595
11702
11706
11833
11839
11919
12091
12145
12187
12260
12299
12390
12456
12520
12587
12822
12937
13061
13212
13298
13335
13354
13410
13485
13508
13569
13627
13797
13833
13844
13897
13983
14003
14051
14075
14268
14268
14400
14419
14436
14650
14685
14751
14922
15074
15102
15157
15173
15181
15465
15483
15687
15718
15728
15742
15759
15800
15809
15810
15845
15962
15992
16041
16074
16141
16188
16229
16319
16404
16409
16574
16644
16656
16672
16731
16734
16794
16829
17000
17089
17197
17210
17283
17319
17385
17390
17402
17508
17509
17530
17745
17828
17829
17868
18215
18355
18413
18484
18502
18507
18661
18736
18795
18851
18855
18892
18905
18966
19056
19227
19280
19405
19412
19420
19471
19484
19492
19508
19557
19839
19937
19961
20043
20081
20129
20184
20185
20247
20342
20355
20519
20531
20642
20667
20721
20910
21009
21126
21260
21334
21505
21517
21569
21635
21641
21721
21746
21786
21846
21868
21914
22018
22065
22084
22147
22313
22431
22526
22638
22736
22754
22761
22777
22783
22790
22807
22831
22845
22900
22949
23065
23066
23118
23127
23281
23367
23426
23432
23441
23500
23559
23592
23618
23674
23720
23801
23944
23944
24057
24076
24180
24180
24251
24310
24349
24524
24554
24593
24600
24742
24864
24878
24914
24920
24922
24946
24983
25056
25366
25392
25479
25521
25562
25571
25719
25802
25856
25866
25897
25906
26052
26108
26121
26173
26276
26331
26413
26424
26441
26634
26688
26701
26724
26852
26912
26941
26997
27355
27625
27699
27773
27781
27813
27866
28006
28042
28045
28094
28171
28182
28187
28308
28365
28450
28583
28592
28724
28845
28850
28874
28883
28920
28961
29008
29051
29059
29075
29076
29078
29104
29160
29249
29254
29327
29329
29341
29407
29422
29429
29447
29589
29601
29652
29667
29672
29697
29697
29708
29841
29875
29878
29927
30055
30130
30154
30179
30238
30279
30310
30327
30398
30405
30418
30592
30746
30817
30890
31113
31231
31244
31485
31521
31583
31659
31670
31704
31867
32267
32291
32417

Sorted sequence:
-32691
-32686
-32685
-32554
-32469
-32392
-32360
-32306
-32243
-32203
-32192
-32145
-32136
-32119
-32091
-32075
-31993
-31970
-31868
-31828
-31816
-31797
-31702
-31624
-31503
-31488
-31474
-31439
-31200
-30974
-30924
-30922
-30860
-30818
-30797
-30711
-30694
-30667
-30531
-30485
-30317
-30233
-30041
-29987
-29975
-29930
-29904
-29852
-29811
-29809
-29787
-29785
-29730
-29727
-29523
-29490
-29439
-29437
-29435
-29151
-28891
-28747
-28722
-28634
-28570
-28531
-28508
-28348
-28338
-28331
-28285
-28136
-28125
-28109
-28106
-28088
-28069
-27870
-27868
-27740
-27738
-27718
-27662
-27615
-27608
-27596
-27590
-27568
-27431
-27347
-27251
-27189
-27098
-27097
-27061
-26933
-26832
-26761
-26645
-26621
-26604
-26573
-26526
-26476
-26441
-26438
-26400
-26353
-26319
-26200
-26145
-26130
-25989
-25784
-25716
-25679
-25656
-25654
-25587
-25413
-25360
-25316
-25312
-25143
-25102
-25071
-24878
-24842
-24833
-24766
-24745
-24704
-24679
-24619
-24526
-24518
-24425
-24398
-24372
-24357
-24218
-24145
-24142
-24016
-23960
-23910
-23846
-23774
-23715
-23705
-23638
-23621
-23548
-23370
-23252
-23035
-23015
-22926
-22860
-22741
-22713
-22709
-22676
-22634
-22370
-22329
-22326
-22310
-22223
-22042
-21881
-21823
-21757
-21750
-21638
-21406
-21284
-21243
-21223
-21220
-21201
-21048
-20995
-20970
-20873
-20798
-20703
-20545
-20492
-20485
-20480
-20420
-20370
-20148
-20044
-20018
-19966
-19915
-19880
-19665
-19610
-19608
-19558
-19421
-19371
-19212
-19051
-19038
-18928
-18744
-18681
-18623
-18463
-18419
-18412
-18400
-18387
-18349
-18320
-18168
-18117
-18082
-17957
-17943
-17807
-17782
-17740
-17691
-17624
-17611
-17593
-17526
-17397
-17369
-17318
-17314
-17272
-17156
-17128
-17100
-17086
-17059
-16935
-16867
-16785
-16437
-16409
-16398
-16386
-16243
-16119
-16086
-16051
-16011
-15990
-15946
-15937
-15860
-15858
-15845
-15738
-15659
-15641
-15623
-15500
-15484
-15382
-15369
-15253
-15227
-15140
-15111
-15045
-14942
-14855
-14759
-14727
-14702
-14634
-14534
-14434
-14336
-14265
-14124
-14096
-13885
-13744
-13731
-13702
-13613
-13513
-13380
-13376
-13276
-13208
-13128
-13044
-13034
-12991
-12973
-12946
-12857
-12857
-12828
-12724
-12665
-12606
-12326
-12198
-12144
-12103
-12100
-12000
-11978
-11869
-11828
-11767
-11685
-11614
-11569
-11534
-11503
-11426
-11418
-11271
-11234
-11201
-11173
-11163
-11159
-11138
-11050
-10979
-10903
-10871
-10825
-10779
-10711
-10701
-10679
-10648
-10474
-10469
-10307
-10160
-10103
-10005
-10001
-9994
-9977
-9955
-9915
-9904
-9829
-9765
-9699
-9303
-9298
-9185
-9133
-9090
-8990
-8987
-8985
-8925
-8871
-8828
-8811
-8796
-8727
-8721
-8688
-8675
-8617
-8574
-8556
-8548
-8336
-8329
-8319
-8282
-8234
-7910
-7848
-7808
-7804
-7685
-7682
-7447
-7432
-7410
-7397
-7363
-7280
-7267
-7249
-7214
-7175
-7045
-6938
-6851
-6776
-6716
-6672
-6657
-6560
-6391
-6315
-6219
-6194
-6178
-6171
-6128
-6003
-5857
-5653
-5636
-5602
-5579
-5579
-5574
-5531
-5463
-5441
-5345
-5271
-5215
-5170
-5152
-5061
-5048
-5014
-4925
-4762
-4656
-4562
-4523
-4419
-4412
-4400
-4354
-4283
-4262
-4157
-4125
-3947
-3898
-3824
-3628
-3517
-3427
-3374
-3322
-3287
-3276
-3248
-3183
-3138
-3009
-2990
-2990
-2950
-2920
-2854
-2793
-2733
-2718
-2691
-2669
-2529
-2514
-2512
-2511
-2467
-2462
-2303
-2294
-2256
-2208
-2087
-1911
-1909
-1886
-1735
-1580
-1499
-1495
-1396
-1323
-1319
-1303
-1238
-1205
-1168
-1087
-936
-916
-777
-763
-730
-693
-676
-539
-509
-444
-424
-321
-286
-176
-121
24
60
75
103
218
232
257
274
600
606
615
700
988
1127
1310
1392
1407
1486
1515
1515
1550
1559
1620
1651
1775
1813
2020
2036
2308
2500
2550
2582
2714
2834
2907
2911
3013
3056
3174
3285
3330
3357
3435
3667
3725
3754
3845
3897
3955
4038
4101
4313
4332
4439
4533
4577
4612
4728
4797
4805
4806
4831
4872
4880
4886
4903
4952
4986
5020
5148
5235
5339
5339
5427
5444
5498
5513
5519
5531
5537
5563
5765
5937
6023
6075
6092
6107
6116
6300
6394
6413
6557
6640
6674
6676
6780
6849
7000
7017
7084
7087
7094
7104
7130
7158
7176
7269
7272
7314
7328
7341
7409
7508
7543
7645
7652
7718
7832
7853
7888
7895
8101
8127
8137
8168
8212
8245
8281
8451
8469
8540
8589
8622
8627
8720
8781
8866
8930
8962
9017
9161
9223
9279
9306
9339
9349
9486
9769
9854
9882
9883
9957
10018
10023
10033
10065
10087
10169
10175
10351
10485
10596
10721
10818
10903
10966
11056
11433
11435
11520
11595
11702
11706
11833
11839
11919
12091
12145
12187
12260
12299
12390
12456
12520
12587
12822
12937
13061
13212
13298
13335
13354
13410
13485
13508
13569
13627
13797
13833
13844
13897
13983
14003
14051
14075
14268
14268
14400
14419
14436
14650
14685
14751
14922
15074
15102
15157
15173
15181
15465
15483
15687
15718
15728
15742
15759
15800
15809
15810
15845
15962
15992
16041
16074
16141
16188
16229
16319
16404
16409
16574
16644
16656
16672
16731
16734
16794
16829
17000
17089
17197
17210
17283
17319
17385
17390
17402
17508
17509
17530
17745
17828
17829
17868
18215
18355
18413
18484
18502
18507
18661
18736
18795
18851
18855
18892
18905
18966
19056
19227
19280
19405
19412
19420
19471
19484
19492
19508
19557
19839
19937
19961
20043
20081
20129
20184
20185
20247
20342
20355
20519
20531
20642
20667
20721
20910
21009
21126
21260
21334
21505
21517
21569
21635
21641
21721
21746
21786
21846
21868
21914
22018
22065
22084
22147
22313
22431
22526
22638
22736
22754
22761
22777
22783
22790
22807
22831
22845
22900
22949
23065
23066
23118
23127
23281
23367
23426
23432
23441
23500
23559
23592
23618
23674
23720
23801
23944
23944
24057
24076
24180
24180
24251
24310
24349
24524
24554
24593
24600
24742
24864
24878
24914
24920
24922
24946
24983
25056
25366
25392
25479
25521
25562
25571
25719
25802
25856
25866
25897
25906
26052
26108
26121
26173
26276
26331
26413
26424
26441
26634
26688
26701
26724
26852
26912
26941
26997
27355
27625
27699
27773
27781
27813
27866
28006
28042
28045
28094
28171
28182
28187
28308
28365
28450
28583
28592
28724
28845
28850
28874
28883
28920
28961
29008
29051
29059
29075
29076
29078
29104
29160
29249
29254
29327
29329
29341
29407
29422
29429
29447
29589
29601
29652
29667
29672
29697
29697
29708
29841
29875
29878
29927
30055
30130
30154
30179
30238
30279
30310
30327
30398
30405
30418
30592
30746
30817
30890
31113
31231
31244
31485
31521
31583
31659
31670
31704
31867
32267
32291
32417

Running time: 0 ms
# Comparisons: 999
