Unsorted sequence:
-32649
-32645
-32631
-32503
-32409
-32401
-32323
-32239
-32215
-32192
-32184
-32137
-32052
-31942
-31927
-31900
-31889
-31774
-31767
-31588
-31560
-31491
-31421
-31400
-31325
-31177
-31057
-30849
-30809
-30662
-30525
-30522
-30425
-30371
-30360
-30254
-30217
-30216
-30074
-30063
-30037
-29971
-29939
-29912
-29882
-29859
-29827
-29825
-29708
-29672
-29608
-29598
-29586
-29560
-29406
-29396
-29364
-29275
-29241
-29080
-29034
-28982
-28967
-28948
-28893
-28872
-28869
-28847
-28789
-28768
-28749
-28653
-28606
-28550
-28414
-28140
-28017
-27998
-27602
-27476
-27375
-27348
-27267
-27126
-27020
-26948
-26891
-26820
-26815
-26811
-26780
-26759
-26708
-26555
-26529
-26416
-26393
-26388
-26363
-26357
-26330
-26318
-26302
-26282
-26253
-26227
-26207
-26197
-25953
-25878
-25861
-25770
-25743
-25646
-25626
-25625
-25390
-25378
-25325
-25270
-25257
-25246
-25239
-25230
-25101
-24933
-24926
-24724
-24683
-24652
-24630
-24528
-24498
-24434
-24409
-24367
-24352
-24341
-24225
-24215
-24114
-24109
-24076
-23795
-23790
-23758
-23724
-23648
-23632
-23599
-23500
-23481
-23470
-23295
-23288
-23223
-23216
-23175
-23110
-23091
-23047
-23032
-22921
-22884
-22851
-22802
-22747
-22738
-22730
-22713
-22687
-22599
-22532
-22415
-22385
-22304
-22273
-22211
-22163
-22090
-22041
-22018
-21946
-21931
-21875
-21825
-21762
-21645
-21625
-21617
-21450
-21387
-21307
-21287
-21132
-21106
-20971
-20955
-20932
-20898
-20815
-20780
-20754
-20564
-20419
-20393
-20197
-20168
-20096
-20084
-20001
-19971
-19765
-19650
-19634
-19588
-19548
-19522
-19469
-19462
-19461
-19435
-19294
-19245
-19118
-19073
-18913
-18827
-18775
-18672
-18616
-18555
-18550
-18523
-18463
-18436
-18316
-18312
-18272
-18215
-18191
-18140
-18122
-18114
-17935
-17904
-17840
-17794
-17753
-17598
-17446
-17328
-17293
-17279
-17263
-17137
-17134
-17124
-17115
-17090
-17078
-17028
-16937
-16835
-16788
-16668
-16536
-16171
-16156
-16081
-15849
-15841
-15785
-15734
-15680
-15554
-15447
-15390
-15349
-15337
-15277
-15251
-15251
-15243
-15192
-15011
-14888
-14710
-14639
-14542
-14334
-14287
-14224
-14176
-14145
-13888
-13812
-13804
-13764
-13723
-13719
-13668
-13667
-13658
-13619
-13338
-12959
-12864
-12562
-12482
-12472
-12312
-12246
-12237
-12234
-12178
-12130
-12128
-12118
-12114
-12016
-11855
-11708
-11669
-11625
-11618
-11597
-11558
-11484
-11459
-11444
-11412
-11365
-11146
-11114
-10973
-10920
-10728
-10610
-10578
-10508
-10501
-10386
-10383
-10328
-10276
-10205
-10166
-10057
-10039
-9875
-9468
-9424
-9378
-9345
-9332
-9283
-9258
-9227
-9141
-9132
-8924
-8902
-8883
-8855
-8850
-8788
-8711
-8649
-8590
-8548
-8445
-8440
-8396
-8377
-8270
-8198
-7719
-7718
-7715
-7695
-7565
-7432
-7339
-7288
-7253
-7236
-7084
-7027
-6905
-6888
-6576
-6516
-6493
-6409
-6361
-6323
-6233
-6193
-6176
-6155
-6060
-5925
-5890
-5796
-5765
-5731
-5706
-5680
-5677
-5645
-5587
-5447
-5387
-5312
-5285
-5279
-5256
-5220
-5127
-4953
-4896
-4866
-4864
-4838
-4787
-4731
-4706
-4671
-4543
-4442
-4430
-4369
-4317
-4300
-4280
-4209
-4111
-4099
-4046
-4010
-3924
-3646
-3634
-3584
-3580
-3504
-3498
-3319
-3318
-3259
-3173
-3170
-3159
-2918
-2871
-2860
-2857
-2815
-2793
-2561
-2485
-2390
-2343
-2339
-2270
-2221
-2152
-2093
-2091
-2077
-1892
-1857
-1816
-1728
-1700
-1668
-1571
-1553
-1539
-1458
-1380
-1337
-1334
-1189
-1168
-1118
-988
-941
-915
-910
-872
-767
-760
-749
-709
-690
-643
-478
-449
-313
-303
-300
-257
-239
-233
-221
-180
-156
-106
-96
118
129
146
170
282
360
417
592
702
718
866
883
889
949
1071
1165
1190
1248
1249
1374
1418
1450
1521
1585
1615
1696
1709
1857
1898
2011
2078
2196
2234
2238
2252
2267
2367
2429
2486
2529
2562
2596
2657
2932
2964
3161
3165
3191
3298
3299
3312
3402
3491
3551
3562
3636
3885
4061
4118
4172
4183
4427
4455
4507
4556
4575
4646
4670
4715
4776
4803
4833
4841
4952
5086
5161
5193
5194
5263
5443
5548
5571
5610
5665
5860
5960
5984
6006
6009
6052
6065
6096
6154
6156
6158
6160
6190
6190
6214
6276
6293
6347
6365
6449
6452
6470
6554
6712
6923
7038
7296
7318
7349
7354
7416
7518
7533
7593
7639
7675
7687
7794
7802
7876
7897
7915
7921
7949
7958
7986
8074
8125
8187
8215
8256
8293
8321
8349
8394
8457
8514
8613
8662
8813
8844
8934
8948
8979
8989
9054
9083
9165
9244
9292
9350
9427
9460
9503
9771
9924
9940
10031
10092
10100
10142
10195
10203
10205
10284
10302
10343
10358
10380
10395
10450
10520
10593
10642
10711
10745
10754
10821
10854
10939
10939
10945
10951
10983
11061
11064
11076
11323
11572
11637
11637
11654
11708
11738
11750
11797
11920
12017
12050
12370
12426
12476
12631
12643
12675
12774
13146
13240
13315
13500
13546
13705
13993
14132
14234
14247
14355
14535
14582
14741
14788
14853
14869
14879
14959
15029
15056
15163
15182
15252
15351
15359
15494
15500
15592
15755
15810
16049
16131
16201
16240
16305
16382
16393
16561
16563
16608
16655
16697
16716
16788
16843
16858
16973
16989
17014
17090
17173
17194
17242
17329
17418
17468
17472
17544
17645
17673
17675
17692
17702
17778
17814
17954
17973
17983
18011
18106
18260
18264
18441
18512
18582
18617
18644
18751
18754
18878
18967
18988
19053
19131
19202
19332
19512
19654
19736
19795
19832
20107
20142
20206
20356
20426
20579
20600
20634
20787
20794
21001
21038
21043
21228
21337
21500
21552
21631
21699
21710
21714
21763
21780
21792
21921
21954
22070
22216
22243
22281
22394
22410
22448
22614
22736
22800
22922
22924
22953
22998
23084
23090
23126
23158
23199
23228
23351
23375
23403
23411
23491
23572
23583
23610
23648
23717
23780
23834
23923
23961
23975
24050
24118
24236
24373
24650
24740
24756
24883
24901
24911
24960
25053
25111
25152
25167
25232
25401
25515
25541
25572
25660
25669
25680
25681
25729
25744
25929
25934
25947
26054
26101
26121
26126
26147
26168
26197
26202
26275
26433
26454
26521
26537
26629
26640
26706
26823
26842
26895
26898
26912
27210
27250
27313
27409
27547
27561
27570
27582
27706
27741
27803
28012
28071
28201
28560
28648
28689
28766
28766
28778
28803
28906
28985
29041
29117
29208
29265
29423
29529
29537
29541
29606
29666
29669
29690
29905
29943
30015
30024
30030
30051
30114
30115
30129
30135
30293
30302
30307
30577
30608
30642
30701
30713
30737
30778
30778
30848
30884
31008
31088
31093
31127
31209
31249
31271
31497
31736
31872
32007
32020
32088
32169
32293
32293
32369
32472

Sorted sequence:
-32649
-32645
-32631
-32503
-32409
-32401
-32323
-32239
-32215
-32192
-32184
-32137
-32052
-31942
-31927
-31900
-31889
-31774
-31767
-31588
-31560
-31491
-31421
-31400
-31325
-31177
-31057
-30849
-30809
-30662
-30525
-30522
-30425
-30371
-30360
-30254
-30217
-30216
-30074
-30063
-30037
-29971
-29939
-29912
-29882
-29859
-29827
-29825
-29708
-29672
-29608
-29598
-29586
-29560
-29406
-29396
-29364
-29275
-29241
-29080
-29034
-28982
-28967
-28948
-28893
-28872
-28869
-28847
-28789
-28768
-28749
-28653
-28606
-28550
-28414
-28140
-28017
-27998
-27602
-27476
-27375
-27348
-27267
-27126
-27020
-26948
-26891
-26820
-26815
-26811
-26780
-26759
-26708
-26555
-26529
-26416
-26393
-26388
-26363
-26357
-26330
-26318
-26302
-26282
-26253
-26227
-26207
-26197
-25953
-25878
-25861
-25770
-25743
-25646
-25626
-25625
-25390
-25378
-25325
-25270
-25257
-25246
-25239
-25230
-25101
-24933
-24926
-24724
-24683
-24652
-24630
-24528
-24498
-24434
-24409
-24367
-24352
-24341
-24225
-24215
-24114
-24109
-24076
-23795
-23790
-23758
-23724
-23648
-23632
-23599
-23500
-23481
-23470
-23295
-23288
-23223
-23216
-23175
-23110
-23091
-23047
-23032
-22921
-22884
-22851
-22802
-22747
-22738
-22730
-22713
-22687
-22599
-22532
-22415
-22385
-22304
-22273
-22211
-22163
-22090
-22041
-22018
-21946
-21931
-21875
-21825
-21762
-21645
-21625
-21617
-21450
-21387
-21307
-21287
-21132
-21106
-20971
-20955
-20932
-20898
-20815
-20780
-20754
-20564
-20419
-20393
-20197
-20168
-20096
-20084
-20001
-19971
-19765
-19650
-19634
-19588
-19548
-19522
-19469
-19462
-19461
-19435
-19294
-19245
-19118
-19073
-18913
-18827
-18775
-18672
-18616
-18555
-18550
-18523
-18463
-18436
-18316
-18312
-18272
-18215
-18191
-18140
-18122
-18114
-17935
-17904
-17840
-17794
-17753
-17598
-17446
-17328
-17293
-17279
-17263
-17137
-17134
-17124
-17115
-17090
-17078
-17028
-16937
-16835
-16788
-16668
-16536
-16171
-16156
-16081
-15849
-15841
-15785
-15734
-15680
-15554
-15447
-15390
-15349
-15337
-15277
-15251
-15251
-15243
-15192
-15011
-14888
-14710
-14639
-14542
-14334
-14287
-14224
-14176
-14145
-13888
-13812
-13804
-13764
-13723
-13719
-13668
-13667
-13658
-13619
-13338
-12959
-12864
-12562
-12482
-12472
-12312
-12246
-12237
-12234
-12178
-12130
-12128
-12118
-12114
-12016
-11855
-11708
-11669
-11625
-11618
-11597
-11558
-11484
-11459
-11444
-11412
-11365
-11146
-11114
-10973
-10920
-10728
-10610
-10578
-10508
-10501
-10386
-10383
-10328
-10276
-10205
-10166
-10057
-10039
-9875
-9468
-9424
-9378
-9345
-9332
-9283
-9258
-9227
-9141
-9132
-8924
-8902
-8883
-8855
-8850
-8788
-8711
-8649
-8590
-8548
-8445
-8440
-8396
-8377
-8270
-8198
-7719
-7718
-7715
-7695
-7565
-7432
-7339
-7288
-7253
-7236
-7084
-7027
-6905
-6888
-6576
-6516
-6493
-6409
-6361
-6323
-6233
-6193
-6176
-6155
-6060
-5925
-5890
-5796
-5765
-5731
-5706
-5680
-5677
-5645
-5587
-5447
-5387
-5312
-5285
-5279
-5256
-5220
-5127
-4953
-4896
-4866
-4864
-4838
-4787
-4731
-4706
-4671
-4543
-4442
-4430
-4369
-4317
-4300
-4280
-4209
-4111
-4099
-4046
-4010
-3924
-3646
-3634
-3584
-3580
-3504
-3498
-3319
-3318
-3259
-3173
-3170
-3159
-2918
-2871
-2860
-2857
-2815
-2793
-2561
-2485
-2390
-2343
-2339
-2270
-2221
-2152
-2093
-2091
-2077
-1892
-1857
-1816
-1728
-1700
-1668
-1571
-1553
-1539
-1458
-1380
-1337
-1334
-1189
-1168
-1118
-988
-941
-915
-910
-872
-767
-760
-749
-709
-690
-643
-478
-449
-313
-303
-300
-257
-239
-233
-221
-180
-156
-106
-96
118
129
146
170
282
360
417
592
702
718
866
883
889
949
1071
1165
1190
1248
1249
1374
1418
1450
1521
1585
1615
1696
1709
1857
1898
2011
2078
2196
2234
2238
2252
2267
2367
2429
2486
2529
2562
2596
2657
2932
2964
3161
3165
3191
3298
3299
3312
3402
3491
3551
3562
3636
3885
4061
4118
4172
4183
4427
4455
4507
4556
4575
4646
4670
4715
4776
4803
4833
4841
4952
5086
5161
5193
5194
5263
5443
5548
5571
5610
5665
5860
5960
5984
6006
6009
6052
6065
6096
6154
6156
6158
6160
6190
6190
6214
6276
6293
6347
6365
6449
6452
6470
6554
6712
6923
7038
7296
7318
7349
7354
7416
7518
7533
7593
7639
7675
7687
7794
7802
7876
7897
7915
7921
7949
7958
7986
8074
8125
8187
8215
8256
8293
8321
8349
8394
8457
8514
8613
8662
8813
8844
8934
8948
8979
8989
9054
9083
9165
9244
9292
9350
9427
9460
9503
9771
9924
9940
10031
10092
10100
10142
10195
10203
10205
10284
10302
10343
10358
10380
10395
10450
10520
10593
10642
10711
10745
10754
10821
10854
10939
10939
10945
10951
10983
11061
11064
11076
11323
11572
11637
11637
11654
11708
11738
11750
11797
11920
12017
12050
12370
12426
12476
12631
12643
12675
12774
13146
13240
13315
13500
13546
13705
13993
14132
14234
14247
14355
14535
14582
14741
14788
14853
14869
14879
14959
15029
15056
15163
15182
15252
15351
15359
15494
15500
15592
15755
15810
16049
16131
16201
16240
16305
16382
16393
16561
16563
16608
16655
16697
16716
16788
16843
16858
16973
16989
17014
17090
17173
17194
17242
17329
17418
17468
17472
17544
17645
17673
17675
17692
17702
17778
17814
17954
17973
17983
18011
18106
18260
18264
18441
18512
18582
18617
18644
18751
18754
18878
18967
18988
19053
19131
19202
19332
19512
19654
19736
19795
19832
20107
20142
20206
20356
20426
20579
20600
20634
20787
20794
21001
21038
21043
21228
21337
21500
21552
21631
21699
21710
21714
21763
21780
21792
21921
21954
22070
22216
22243
22281
22394
22410
22448
22614
22736
22800
22922
22924
22953
22998
23084
23090
23126
23158
23199
23228
23351
23375
23403
23411
23491
23572
23583
23610
23648
23717
23780
23834
23923
23961
23975
24050
24118
24236
24373
24650
24740
24756
24883
24901
24911
24960
25053
25111
25152
25167
25232
25401
25515
25541
25572
25660
25669
25680
25681
25729
25744
25929
25934
25947
26054
26101
26121
26126
26147
26168
26197
26202
26275
26433
26454
26521
26537
26629
26640
26706
26823
26842
26895
26898
26912
27210
27250
27313
27409
27547
27561
27570
27582
27706
27741
27803
28012
28071
28201
28560
28648
28689
28766
28766
28778
28803
28906
28985
29041
29117
29208
29265
29423
29529
29537
29541
29606
29666
29669
29690
29905
29943
30015
30024
30030
30051
30114
30115
30129
30135
30293
30302
30307
30577
30608
30642
30701
30713
30737
30778
30778
30848
30884
31008
31088
31093
31127
31209
31249
31271
31497
31736
31872
32007
32020
32088
32169
32293
32293
32369
32472

Running time: 0 ms
# Comparisons: 7090
