Unsorted sequence:
-30705
-30166
-29755
-27948
-27382
-27010
-25726
-24377
-24249
-24229
-23890
-22630
-21975
-21863
-21231
-21212
-20760
-20497
-20033
-19411
-18689
-16383
-16276
-15731
-14437
-14428
-13411
-12734
-12623
-12243
-11918
-11493
-10463
-9269
-8957
-8591
-8550
-6675
-6045
-5718
-5378
-3460
-2704
-2376
-2314
-1173
-943
-257
259
410
1449
1734
2142
2226
3063
3495
3755
4205
4442
6112
6671
7734
7984
8892
10626
10627
10633
10757
12086
12268
12509
13145
13560
14355
14944
15897
17102
18185
18590
20039
20787
22406
23214
23385
23642
23670
23717
23822
24734
25364
27067
28255
29326
29814
30044
30684
31073
31283
32304
32310

Sorted sequence:
-30705
-30166
-29755
-27948
-27382
-27010
-25726
-24377
-24249
-24229
-23890
-22630
-21975
-21863
-21231
-21212
-20760
-20497
-20033
-19411
-18689
-16383
-16276
-15731
-14437
-14428
-13411
-12734
-12623
-12243
-11918
-11493
-10463
-9269
-8957
-8591
-8550
-6675
-6045
-5718
-5378
-3460
-2704
-2376
-2314
-1173
-943
-257
259
410
1449
1734
2142
2226
3063
3495
3755
4205
4442
6112
6671
7734
7984
8892
10626
10627
10633
10757
12086
12268
12509
13145
13560
14355
14944
15897
17102
18185
18590
20039
20787
22406
23214
23385
23642
23670
23717
23822
24734
25364
27067
28255
29326
29814
30044
30684
31073
31283
32304
32310

Running time: 0 ms
# Comparisons: 99
