Unsorted sequence:
-32746
-32635
-32557
-32508
-32104
-32084
-32029
-31973
-31899
-31760
-31743
-31709
-31678
-31607
-31570
-31557
-31453
-31449
-31428
-31348
-31338
-31284
-31213
-31158
-31088
-30957
-30926
-30884
-30787
-30722
-30717
-30662
-30596
-30554
-30476
-30450
-30256
-30237
-30097
-30032
-29907
-29896
-29895
-29876
-29807
-29658
-29581
-29572
-29503
-29447
-29437
-29418
-29335
-29308
-29267
-29210
-29153
-29144
-29030
-28979
-28971
-28952
-28921
-28858
-28805
-28744
-28720
-28663
-28658
-28611
-28610
-28569
-28568
-28562
-28542
-28517
-28460
-28392
-28381
-28372
-28317
-28272
-28198
-28138
-27931
-27813
-27736
-27645
-27584
-27463
-27426
-27419
-27391
-27280
-27162
-27146
-27138
-27064
-26980
-26898
-26889
-26875
-26790
-26776
-26757
-26692
-26637
-26632
-26564
-26389
-26242
-26214
-26110
-26094
-26080
-26048
-25987
-25963
-25847
-25700
-25636
-25573
-25540
-25377
-25305
-25299
-25293
-25281
-25239
-25227
-25060
-24966
-24882
-24650
-24527
-24498
-24456
-24448
-24303
-24302
-24260
-24245
-24137
-24129
-24074
-23997
-23991
-23970
-23958
-23899
-23885
-23861
-23426
-23362
-23176
-23164
-23163
-23141
-23110
-23109
-23058
-22956
-22925
-22856
-22814
-22794
-22696
-22618
-22598
-22536
-22473
-22367
-22174
-22143
-22111
-22095
-22055
-22046
-21956
-21925
-21904
-21895
-21816
-21798
-21776
-21768
-21764
-21763
-21712
-21682
-21632
-21631
-21518
-21409
-21058
-21044
-21013
-20880
-20864
-20804
-20738
-20661
-20639
-20633
-20587
-20471
-20417
-20343
-20331
-20289
-20261
-20235
-20161
-20113
-20020
-20016
-19754
-19727
-19722
-19542
-19220
-19218
-19200
-19191
-19116
-19085
-19016
-18963
-18802
-18692
-18572
-18320
-18302
-18298
-18240
-18202
-18196
-18185
-18108
-18072
-17911
-17899
-17801
-17736
-17724
-17720
-17617
-17573
-17531
-17462
-17391
-17390
-17320
-17227
-17148
-17134
-17092
-16662
-16641
-16403
-16385
-16378
-16186
-16162
-16144
-16056
-16001
-15969
-15952
-15858
-15829
-15648
-15647
-15587
-15578
-15459
-15446
-15436
-15405
-15337
-15030
-15007
-14992
-14971
-14962
-14945
-14945
-14893
-14787
-14776
-14581
-14572
-14552
-14514
-14452
-14447
-14411
-14370
-14327
-14289
-14263
-14174
-14161
-14040
-14023
-13954
-13880
-13778
-13768
-13732
-13728
-13667
-13562
-13484
-13472
-13459
-13344
-13305
-13214
-13176
-13068
-13001
-12978
-12969
-12831
-12733
-12551
-12551
-12544
-12532
-12531
-12503
-12320
-12214
-12179
-12046
-12018
-12003
-12001
-11977
-11913
-11817
-11749
-11600
-11586
-11342
-11273
-11220
-11205
-11191
-11189
-11156
-11049
-10996
-10952
-10899
-10811
-10787
-10727
-10621
-10551
-10413
-10338
-10184
-10155
-10139
-10056
-10051
-10032
-10015
-9931
-9879
-9878
-9875
-9852
-9848
-9775
-9685
-9668
-9507
-9499
-9490
-9344
-9339
-9259
-9180
-9049
-9042
-9004
-8876
-8864
-8846
-8786
-8711
-8438
-8410
-8403
-8346
-8294
-8287
-8192
-8048
-8014
-7775
-7770
-7634
-7616
-7522
-7477
-7375
-7366
-7237
-7205
-7134
-7038
-6977
-6953
-6847
-6806
-6787
-6774
-6708
-6535
-6464
-6401
-6301
-6183
-6141
-6038
-6036
-6005
-5850
-5777
-5591
-5582
-5524
-5476
-5465
-5439
-5432
-5431
-5404
-5339
-5335
-5297
-5233
-5208
-5075
-5029
-4921
-4664
-4658
-4655
-4548
-4535
-4510
-4033
-3988
-3951
-3830
-3817
-3713
-3486
-3377
-3344
-3228
-3155
-3149
-3068
-3040
-3038
-2958
-2950
-2920
-2885
-2872
-2861
-2850
-2731
-2669
-2622
-2582
-2509
-2484
-2317
-2299
-2210
-2169
-2143
-2119
-1906
-1849
-1792
-1747
-1739
-1731
-1685
-1636
-1592
-1577
-1567
-1524
-1480
-1334
-1290
-1191
-1123
-1041
-852
-822
-736
-719
-579
-214
-198
-131
-70
-14
148
190
255
313
342
433
489
523
572
651
684
717
885
940
976
1065
1079
1103
1104
1135
1203
1247
1267
1277
1305
1410
1419
1486
1516
1519
1587
1662
1677
1886
1928
1950
2021
2092
2094
2196
2235
2320
2338
2536
2601
2602
2632
2726
2812
2854
2859
2959
2995
3026
3176
3234
3329
3334
3335
3336
3475
3509
3570
3885
3912
3923
4177
4282
4287
4332
4339
4419
4458
4491
4679
4719
4754
4987
5020
5042
5067
5074
5133
5202
5207
5304
5348
5509
5513
5632
5633
5651
5713
5723
5773
5787
5793
5860
5995
6023
6081
6302
6440
6452
6490
6538
6594
6656
6711
6712
6727
6827
6868
7048
7099
7135
7234
7238
7282
7295
7376
7456
7545
7559
7615
7632
7728
7732
7892
7986
8000
8023
8081
8166
8237
8252
8276
8280
8309
8321
8330
8335
8649
9015
9189
9534
9574
9730
9798
9809
9858
9864
9923
10125
10212
10225
10226
10330
10420
10462
10572
10644
10839
10950
10967
11009
11061
11135
11178
11179
11216
11289
11292
11503
11506
11541
11586
11652
11769
11783
11867
11925
11989
12035
12088
12116
12183
12278
12330
12382
12579
12625
12863
13105
13154
13349
13386
13556
13630
13706
13888
13962
13976
14115
14128
14203
14239
14242
14322
14608
14674
14682
14736
14905
14919
14934
14958
14974
14985
15291
15331
15416
15431
15484
15507
15512
15570
15699
15774
15874
15883
15914
16053
16147
16176
16325
16497
16607
16756
16875
16944
17095
17512
17693
17807
17823
17843
17844
17904
17945
17988
17991
18114
18170
18216
18254
18261
18269
18315
18687
18769
18792
18849
18875
19003
19004
19034
19125
19245
19280
19287
19424
19427
19529
19564
19566
19619
19713
19738
19925
19992
20015
20083
20208
20212
20387
20488
20560
20603
20625
20726
20739
20755
20812
20841
20869
21060
21114
21135
21149
21254
21285
21329
21434
21455
21467
21521
21708
21761
21800
21826
21922
22058
22203
22303
22427
22606
22608
22636
22653
22662
22704
22820
22839
22851
23017
23116
23133
23179
23183
23226
23282
23315
23376
23426
23505
23616
23635
23661
23677
23711
23738
23755
23817
23864
23937
23939
23977
24047
24052
24054
24094
24221
24253
24276
24316
24374
24413
24541
24582
24582
24583
24595
24599
24621
24741
24765
24778
24904
24908
24936
24940
25074
25104
25141
25195
25275
25305
25408
25553
25653
25791
25809
25845
25875
25888
26081
26100
26164
26170
26220
26326
26341
26392
26395
26459
26562
26613
26644
26650
26783
26817
26961
27033
27089
27107
27126
27143
27150
27168
27213
27437
27438
27495
27534
27605
27777
27824
27868
27925
27962
28066
28071
28093
28191
28209
28252
28327
28553
28559
28561
28651
28686
28717
28734
28820
28924
29031
29045
29205
29265
29293
29449
29526
29557
29602
29683
29801
29931
29994
30001
30031
30033
30143
30245
30429
30490
30592
30598
30632
30707
30800
30874
30915
31059
31159
31198
31260
31266
31276
31297
31349
31382
31570
31602
31662
31834
32045
32337
32439
32480
32495

Sorted sequence:
-32746
-32635
-32557
-32508
-32104
-32084
-32029
-31973
-31899
-31760
-31743
-31709
-31678
-31607
-31570
-31557
-31453
-31449
-31428
-31348
-31338
-31284
-31213
-31158
-31088
-30957
-30926
-30884
-30787
-30722
-30717
-30662
-30596
-30554
-30476
-30450
-30256
-30237
-30097
-30032
-29907
-29896
-29895
-29876
-29807
-29658
-29581
-29572
-29503
-29447
-29437
-29418
-29335
-29308
-29267
-29210
-29153
-29144
-29030
-28979
-28971
-28952
-28921
-28858
-28805
-28744
-28720
-28663
-28658
-28611
-28610
-28569
-28568
-28562
-28542
-28517
-28460
-28392
-28381
-28372
-28317
-28272
-28198
-28138
-27931
-27813
-27736
-27645
-27584
-27463
-27426
-27419
-27391
-27280
-27162
-27146
-27138
-27064
-26980
-26898
-26889
-26875
-26790
-26776
-26757
-26692
-26637
-26632
-26564
-26389
-26242
-26214
-26110
-26094
-26080
-26048
-25987
-25963
-25847
-25700
-25636
-25573
-25540
-25377
-25305
-25299
-25293
-25281
-25239
-25227
-25060
-24966
-24882
-24650
-24527
-24498
-24456
-24448
-24303
-24302
-24260
-24245
-24137
-24129
-24074
-23997
-23991
-23970
-23958
-23899
-23885
-23861
-23426
-23362
-23176
-23164
-23163
-23141
-23110
-23109
-23058
-22956
-22925
-22856
-22814
-22794
-22696
-22618
-22598
-22536
-22473
-22367
-22174
-22143
-22111
-22095
-22055
-22046
-21956
-21925
-21904
-21895
-21816
-21798
-21776
-21768
-21764
-21763
-21712
-21682
-21632
-21631
-21518
-21409
-21058
-21044
-21013
-20880
-20864
-20804
-20738
-20661
-20639
-20633
-20587
-20471
-20417
-20343
-20331
-20289
-20261
-20235
-20161
-20113
-20020
-20016
-19754
-19727
-19722
-19542
-19220
-19218
-19200
-19191
-19116
-19085
-19016
-18963
-18802
-18692
-18572
-18320
-18302
-18298
-18240
-18202
-18196
-18185
-18108
-18072
-17911
-17899
-17801
-17736
-17724
-17720
-17617
-17573
-17531
-17462
-17391
-17390
-17320
-17227
-17148
-17134
-17092
-16662
-16641
-16403
-16385
-16378
-16186
-16162
-16144
-16056
-16001
-15969
-15952
-15858
-15829
-15648
-15647
-15587
-15578
-15459
-15446
-15436
-15405
-15337
-15030
-15007
-14992
-14971
-14962
-14945
-14945
-14893
-14787
-14776
-14581
-14572
-14552
-14514
-14452
-14447
-14411
-14370
-14327
-14289
-14263
-14174
-14161
-14040
-14023
-13954
-13880
-13778
-13768
-13732
-13728
-13667
-13562
-13484
-13472
-13459
-13344
-13305
-13214
-13176
-13068
-13001
-12978
-12969
-12831
-12733
-12551
-12551
-12544
-12532
-12531
-12503
-12320
-12214
-12179
-12046
-12018
-12003
-12001
-11977
-11913
-11817
-11749
-11600
-11586
-11342
-11273
-11220
-11205
-11191
-11189
-11156
-11049
-10996
-10952
-10899
-10811
-10787
-10727
-10621
-10551
-10413
-10338
-10184
-10155
-10139
-10056
-10051
-10032
-10015
-9931
-9879
-9878
-9875
-9852
-9848
-9775
-9685
-9668
-9507
-9499
-9490
-9344
-9339
-9259
-9180
-9049
-9042
-9004
-8876
-8864
-8846
-8786
-8711
-8438
-8410
-8403
-8346
-8294
-8287
-8192
-8048
-8014
-7775
-7770
-7634
-7616
-7522
-7477
-7375
-7366
-7237
-7205
-7134
-7038
-6977
-6953
-6847
-6806
-6787
-6774
-6708
-6535
-6464
-6401
-6301
-6183
-6141
-6038
-6036
-6005
-5850
-5777
-5591
-5582
-5524
-5476
-5465
-5439
-5432
-5431
-5404
-5339
-5335
-5297
-5233
-5208
-5075
-5029
-4921
-4664
-4658
-4655
-4548
-4535
-4510
-4033
-3988
-3951
-3830
-3817
-3713
-3486
-3377
-3344
-3228
-3155
-3149
-3068
-3040
-3038
-2958
-2950
-2920
-2885
-2872
-2861
-2850
-2731
-2669
-2622
-2582
-2509
-2484
-2317
-2299
-2210
-2169
-2143
-2119
-1906
-1849
-1792
-1747
-1739
-1731
-1685
-1636
-1592
-1577
-1567
-1524
-1480
-1334
-1290
-1191
-1123
-1041
-852
-822
-736
-719
-579
-214
-198
-131
-70
-14
0
148
190
255
313
342
433
489
523
572
651
684
717
885
940
976
1065
1079
1103
1104
1135
1203
1247
1267
1277
1305
1410
1419
1486
1516
1519
1587
1662
1677
1886
1928
1950
2021
2092
2094
2196
2235
2320
2338
2536
2601
2602
2632
2726
2812
2854
2859
2959
2995
3026
3176
3234
3329
3334
3335
3336
3475
3509
3570
3885
3912
3923
4177
4282
4287
4332
4339
4419
4458
4491
4679
4719
4754
4987
5020
5042
5067
5074
5133
5202
5207
5304
5348
5509
5513
5632
5633
5651
5713
5723
5773
5787
5793
5860
5995
6023
6081
6302
6440
6452
6490
6538
6594
6656
6711
6712
6727
6827
6868
7048
7099
7135
7234
7238
7282
7295
7376
7456
7545
7559
7615
7632
7728
7732
7892
7986
8000
8023
8081
8166
8237
8252
8276
8280
8309
8321
8330
8335
8649
9015
9189
9534
9574
9730
9798
9809
9858
9864
9923
10125
10212
10225
10226
10330
10420
10462
10572
10644
10839
10950
10967
11009
11061
11135
11178
11179
11216
11289
11292
11503
11506
11541
11586
11652
11769
11783
11867
11925
11989
12035
12088
12116
12183
12278
12330
12382
12579
12625
12863
13105
13154
13349
13386
13556
13630
13706
13888
13962
13976
14115
14128
14203
14239
14242
14322
14608
14674
14682
14736
14905
14919
14934
14958
14974
14985
15291
15331
15416
15431
15484
15507
15512
15570
15699
15774
15874
15883
15914
16053
16147
16176
16325
16497
16607
16756
16875
16944
17095
17512
17693
17807
17823
17843
17844
17904
17945
17988
17991
18114
18170
18216
18254
18261
18269
18315
18687
18769
18792
18849
18875
19003
19004
19034
19125
19245
19280
19287
19424
19427
19529
19564
19566
19619
19713
19738
19925
19992
20015
20083
20208
20212
20387
20488
20560
20603
20625
20726
20739
20755
20812
20841
20869
21060
21114
21135
21149
21254
21285
21329
21434
21455
21467
21521
21708
21761
21800
21826
21922
22058
22203
22303
22427
22606
22608
22636
22653
22662
22704
22820
22839
22851
23017
23116
23133
23179
23183
23226
23282
23315
23376
23426
23505
23616
23635
23661
23677
23711
23738
23755
23817
23864
23937
23939
23977
24047
24052
24054
24094
24221
24253
24276
24316
24374
24413
24541
24582
24582
24583
24595
24599
24621
24741
24765
24778
24904
24908
24936
24940
25074
25104
25141
25195
25275
25305
25408
25553
25653
25791
25809
25845
25875
25888
26081
26100
26164
26170
26220
26326
26341
26392
26395
26459
26562
26613
26644
26650
26783
26817
26961
27033
27089
27107
27126
27143
27150
27168
27213
27437
27438
27495
27534
27605
27777
27824
27868
27925
27962
28066
28071
28093
28191
28209
28252
28327
28553
28559
28561
28651
28686
28717
28734
28820
28924
29031
29045
29205
29265
29293
29449
29526
29557
29602
29683
29801
29931
29994
30001
30031
30033
30143
30245
30429
30490
30592
30598
30632
30707
30800
30874
30915
31059
31159
31198
31260
31266
31276
31297
31349
31382
31570
31602
31662
31834
32045
32337
32439
32480

Running time: 0 ms
# Comparisons: 500500
