Unsorted sequence:
-31928
-31729
-30917
-30902
-29248
-27978
-27240
-25664
-25472
-25133
-24117
-23674
-23107
-22126
-21826
-21491
-21438
-20988
-20345
-19458
-18569
-18130
-17543
-17342
-16855
-16392
-15262
-14134
-12799
-12697
-12471
-12456
-12373
-11360
-8604
-7681
-7627
-7031
-5481
-4166
-1862
-1529
-1488
-1167
-1123
-740
-541
-254
2603
5175
5983
6136
6321
6706
6740
7133
7997
9162
10022
10350
10448
12264
12568
13110
13654
14501
15617
15659
15784
16566
17298
18809
18832
18949
18952
19149
19740
20058
20526
20868
21613
21695
23875
24296
24316
24422
24722
25660
26246
26797
26972
27014
28046
29709
29780
30611
30683
31078
31762
31806

Sorted sequence:
-31928
-31729
-30917
-30902
-29248
-27978
-27240
-25664
-25472
-25133
-24117
-23674
-23107
-22126
-21826
-21491
-21438
-20988
-20345
-19458
-18569
-18130
-17543
-17342
-16855
-16392
-15262
-14134
-12799
-12697
-12471
-12456
-12373
-11360
-8604
-7681
-7627
-7031
-5481
-4166
-1862
-1529
-1488
-1167
-1123
-740
-541
-254
2603
5175
5983
6136
6321
6706
6740
7133
7997
9162
10022
10350
10448
12264
12568
13110
13654
14501
15617
15659
15784
16566
17298
18809
18832
18949
18952
19149
19740
20058
20526
20868
21613
21695
23875
24296
24316
24422
24722
25660
26246
26797
26972
27014
28046
29709
29780
30611
30683
31078
31762
31806

Running time: 0 ms
# Comparisons: 413
