Unsorted sequence:
-32478
-32232
-31605
-31239
-30707
-30043
-30030
-29624
-29615
-29251
-28518
-27377
-26929
-26650
-24682
-24536
-24045
-23842
-23620
-22861
-22435
-22409
-21949
-21150
-20752
-20354
-18810
-18792
-18259
-17746
-16530
-16394
-16094
-15491
-13893
-13359
-13235
-12267
-11773
-11508
-11222
-10839
-10090
-8732
-8475
-7991
-7706
-7551
-6589
-5925
-5383
-3873
-1740
-1533
-1245
-1000
-396
1813
2798
2932
3992
4378
4950
4993
6774
6822
7064
7486
8887
13445
14791
14856
15132
15429
16237
16435
16574
16859
18388
19521
19700
19843
20997
23038
23814
24578
24661
25448
25533
25854
26176
26702
27091
27116
28625
29079
29371
30067
30435
31693

Sorted sequence:
-32478
-32232
-31605
-31239
-30707
-30043
-30030
-29624
-29615
-29251
-28518
-27377
-26929
-26650
-24682
-24536
-24045
-23842
-23620
-22861
-22435
-22409
-21949
-21150
-20752
-20354
-18810
-18792
-18259
-17746
-16530
-16394
-16094
-15491
-13893
-13359
-13235
-12267
-11773
-11508
-11222
-10839
-10090
-8732
-8475
-7991
-7706
-7551
-6589
-5925
-5383
-3873
-1740
-1533
-1245
-1000
-396
0
1813
2798
2932
3992
4378
4950
4993
6774
6822
7064
7486
8887
13445
14791
14856
15132
15429
16237
16435
16574
16859
18388
19521
19700
19843
20997
23038
23814
24578
24661
25448
25533
25854
26176
26702
27091
27116
28625
29079
29371
30067
30435

Running time: 0 ms
# Comparisons: 5050
