Unsorted sequence:
-32720
-32089
-32041
-31743
-30834
-30570
-28378
-26440
-26378
-25567
-25206
-23959
-23673
-21918
-21315
-21265
-20842
-20673
-18792
-17528
-16111
-14632
-14585
-14514
-14481
-13606
-12586
-11963
-11730
-10470
-10429
-10327
-7823
-7821
-7569
-6630
-6079
-5403
-3485
-750
-709
-538
487
597
932
963
1178
2457
2862
2871
3297
3423
3721
4019
4507
5296
5387
8677
9611
9753
9792
9832
10339
10996
11026
11355
11985
12524
12664
13391
13519
14559
15067
15629
16422
16976
17537
18227
18788
18790
18944
19323
21594
21628
22832
23570
24071
25433
25756
27748
27839
28427
28573
30052
30057
30322
30668
30779
31068
31829

Sorted sequence:
-32720
-32089
-32041
-31743
-30834
-30570
-28378
-26440
-26378
-25567
-25206
-23959
-23673
-21918
-21315
-21265
-20842
-20673
-18792
-17528
-16111
-14632
-14585
-14514
-14481
-13606
-12586
-11963
-11730
-10470
-10429
-10327
-7823
-7821
-7569
-6630
-6079
-5403
-3485
-750
-709
-538
487
597
932
963
1178
2457
2862
2871
3297
3423
3721
4019
4507
5296
5387
8677
9611
9753
9792
9832
10339
10996
11026
11355
11985
12524
12664
13391
13519
14559
15067
15629
16422
16976
17537
18227
18788
18790
18944
19323
21594
21628
22832
23570
24071
25433
25756
27748
27839
28427
28573
30052
30057
30322
30668
30779
31068
31829

Running time: 0 ms
# Comparisons: 99
