Unsorted sequence:
27937
-27017
-5512
-11713
26049
-30271
12378
-8169
17483
13491
-31225
-5861
-24282
-20644
16772
-11099
-24761
13992
26640
-12995
13393
-37239
14415
5221
27282
-1939
-4963
-3783
-18119
-23861
10555
-18448
-13610
-23224
-25661
16940
-16226
23985
-19496
5757
9210
-13453
4396
-10572
-29596
-7099
-17171
-17089
-21374
-18798
-25584
-3480
13998
26099
-26526
-19755
-4106
-26988
13730
15043
19186
-3982
1095
-22691
-22705
12703
-1251
-34431
-24347
16521
-24174
22131
-25198
17491
-16708
15241
14892
3389
2652
-34748
-10909
14336
-960
7589
12168
-22986
-7666
-20205
20061
-22203
-661
10980
-21684
4934
-7210
25646
22137
-36728
-37052
-30476

Sorted sequence:
-37239
-37052
-36728
-34748
-34431
-31225
-30476
-30271
-29596
-27017
-26988
-26526
-25661
-25584
-25198
-24761
-24347
-24282
-24174
-23861
-23224
-22986
-22705
-22691
-22203
-21684
-21374
-20644
-20205
-19755
-19496
-18798
-18448
-18119
-17171
-17089
-16708
-16226
-13610
-13453
-12995
-11713
-11099
-10909
-10572
-8169
-7666
-7210
-7099
-5861
-5512
-4963
-4106
-3982
-3783
-3480
-1939
-1251
-960
-661
1095
2652
3389
4396
4934
5221
5757
7589
9210
10555
10980
12168
12378
12703
13393
13491
13730
13992
13998
14336
14415
14892
15043
15241
16521
16772
16940
17483
17491
19186
20061
22131
22137
23985
25646
26049
26099
26640
27282
27937

Running time: 0 ms
# Comparisons: 2542
