Unsorted sequence:
6645
24088
-32531
9621
23851
13178
7669
-32674
18609
26966
-11215
-30543
-2677
-24194
-16766
10556
-11691
-32712
-15336
16421
-29372
3599
6282
8631
-34379
4981
-3499
-15045
3137
15332
-29009
14283
11154
8495
-37131
-26030
-6593
7806
-21436
-16251
-26263
4617
-9526
-24439
-15077
-21792
23385
-22268
-17236
-20218
-34113
23427
-12119
9437
3792
-9230
18918
4793
-19775
26556
-8141
21251
12572
7513
1480
-20059
18751
-33380
-7753
1815
20404
3252
-21835
15378
16081
-32412
-34681
11199
-17412
-14649
-4519
18510
13279
20631
-33088
-11196
15901
23099
-34670
627
21388
27224
-6389
-27075
-26298
-33176
-9866
-3047
3479
19649
-29499
-4384
-5366
18701
-17273
15216
23557
-14686
-34620
10646
-24834
-1870
889
25713
23261
5070
19017
-21873
-98
21615
16022
-6977
-12195
-18633
3216
-1225
18226
-2150
-32538
-6561
-10768
-24769
26323
-11634
-34334
13551
8082
-6277
-29402
10731
-23898
15799
13361
-18508
-19523
-24413
23830
-28773
-9018
28232
-2657
11505
25755
22416
-35395
-32064
-7076
-12669
3054
-2346
18038
-3214
-22614
-16673
-10348
13087
-31389
-30532
11310
-23523
-15301
24681
-3223
-30207
10673
14522
-17352
6236
-9750
-21870
-26567
24861
26903
3688
19010
-3992
8892
16434
20608
16446
18589
10379
17732
475
-34561
11884
-14705
-28682
18620
-31662
17831
-24948
-2481
19108
14880
-20075
-27405
-30739
-9339
113
17427
-31406
-36061
16063
9550
-12551
-16195
22942
8384
-23854
11121
-1294
-8975
-32182
-29086
26500
16971
26244
2318
-25444
-33685
24649
19644
-31665
15490
6257
-14472
25354
-19981
13458
-35568
-30821
-13448
-1593
22510
-32164
23124
10815
28046
3241
-8539
-21867
6447
19755
-16781
14629
-14780
-28077
12606
24806
-16252
-16578
21189
-24875
-10975
-24356
-14118
11821
-27269
3169
-35756
7199
9616
20832
-22661
-28908
25936
4963
19175
-7053
-20062
-17630
8348
23653
6625
-3932
-22752
-36422
5259
-5646
-7116
-6493
15044
18573
-26868
8569
-34049
-3717
-7876
8717
3952
26403
-12351
18069
18968
-30512
26429
-16131
11720
-15431
14085
-3842
-28561
-5834
24311
-17436
27502
-26708
16177
-28273
4915
-19205
-30266
24459
3868
-19865
4762
7087
-19082
1386
-12462
-10630
-33246
-20313
-20828
-9777
-13556
10101
11360
-30103
-33596
-35590
-29445
7878
-36923
-33401
27711
-4921
-22840
15621
4074
-13425
916
-21691
-17233
-23482
-37056
-7971
-11895
-18870
-34852
-19857
7768
-30829
-2901
-8559
-36106
-11957
-26725
12522
27975
9714
14201
-29737
-10674
-18222
-25870
21537
14125
-11442
-23877
-10067
-20367
14308
5510
-33099
-4674
-27046
-3802
20699
-8648
-1385
-27424
3620
-27714
-25825
-33206
6215
-514
10105
-9530
-33574
-8448
9171
-26043
-14622
28217
-14645
11415
14076
-21586
24807
8509
28082
-21920
18519
-33284
-22094
-36794
183
3105
24593
3298
-19819
-32822
-19916
-8376
4008
23567
-4390
-14154
18537
-696
-18102
-33326
-22239
-28223
-609
-32383
20460
17967
16066
-15768
-1791
15881
-420
21228
19866
14754
-11066
-8218
-10407
-14740
-33187
-25726
22474
16932
3167
-1785
12232
3277
21329
-30266
7082
-25040
-26324
22111
-15995
10336
26996
8966
-32732
14795
-35069
-30022
2410
1780
-37061
26776
21034
21909
-9709
15127
-21098
27139
26670
-26891
15804
-31198
8592
-32999
9347
-31114
-25997
-11838
13882
17715
14774
2387
-216
-19265
-16914
-28448
31
-14714
-21202
6941
-8434
-20994
5450
17100
-27352
-32526
-28807
21585
-887
2363
-805
19417
8433
12287
23686
22280
-14326
-30578
14943
-28711
-8363
-31318
10944
-4079
-13315
-1469
4742
-8784
-11683
20808
-30110
-15617
4314
12608
-26784
14230
-15418
14444
-25219
-11805
-11460
-21524
-20655
1473
28031
-25236
28254
-14562
14222
14930
26762
-22408
-11888
9440
10782
12065
12471
-12743
-24985
-27479
-20202
14940
-5828
21381
-33486
-28112
-25424
-11636
-9167
19392
13828
16641
-30399
-35094
22615
2133
9706
22602
24839
-4339
-23503
-9433
-22247
1877
4507
25803
18442
-11289
17560
-2043
-34268
1859
17398
-2828
27740
21180
-26440
6816
-18723
1661
-2058
-395
22803
-27957
-30988
17151
11444
15986
-21282
-24751
16147
25250
3084
-34367
-33908
-20676
-4063
-10966
-27465
17997
-8508
-24465
-8411
-19377
-22793
23829
-26464
-11965
2379
24848
-5803
4821
-36581
-11267
14132
-30301
10384
-2690
-9815
-6398
9827
-21935
-9415
17411
13733
-6055
-31532
14170
20247
11038
3901
-16528
23841
-10
-31405
-27219
-4447
-20601
-1916
2432
8748
-35986
-21014
9435
22782
-2382
16402
4899
-33339
-21680
-29766
-19012
26420
-34681
2899
11886
-36236
-24133
-2210
21280
24173
6191
9252
19747
-22086
-17652
-35739
-22033
-985
-33154
-15101
12263
895
-31615
-6569
-4589
3272
14333
4810
-25567
-35614
-20455
25457
-4694
-17868
89
11693
-16835
13225
-18784
8945
9131
-8093
22697
-32156
7089
-23222
-30627
-10443
-19706
6254
11724
-35710
-21117
17378
-5010
11562
25150
-18944
20872
-28684
15478
-27850
-31494
15284
24318
-26904
-1290
11983
23589
-15574
-7339
-28315
13601
19858
9564
25191
1137
16206
-13519
18699
26960
2705
20257
-22424
24583
19747
-6362
21466
5304
-13756
-35484
25282
-37106
3057
12299
24480
13421
15510
8196
-24025
-28331
5357
17696
22539
-35819
-1007
-13305
2586
19699
10444
-6982
18393
17649
17775
-32298
13966
-23512
-1391
-25603
-13708
-10647
-23819
-16693
-10485
-16261
106
-14271
1660
-12651
-1575
14904
-36481
8283
4333
-9442
9732
-24941
14521
-15949
-33508
-36070
-18431
-10615
18847
3844
-5645
-28222
17600
-2536
-16556
-24375
24085
-35875
-36568
-14666
-14868
807
-24437
24061
-7344
11256
10698
-6557
-8728
19531
-11499
5504
-910
-25245
26823
2850
-24047
12892
-36032
-699
-11530
-37176
8347
-22197
-35212
-36476
23464
26142
-35082
24164
15976
20085
-36064
-3961
15879
-6139
-20972
-34458
-8196
-25199
-10427
17574
17573
25932
-3171
-16638
515
10051
-32013
-31016
-18915
26492
1843
-6068
-23971
3899
-5275
3993
1774
-35857
-110
22250
21496
1095
-9978
-23659
-544
-26449
11918
-4240
18387
-26775
-14933
-25075
-29110
19165
-4445
-24095
-31819
-31957
14924
19301
-33732
-11500
-15034
12332
-35867
-15809
-11942
-29593
-14398
-7551
-2842
11599
-1956
24448
25208
-30767
2499
8859
2261
-7381
-13416
-8171
4813
-5258
15494
4868
-24852
-11825
10179
27340
-20791
-19052
20341
-31325
-2220
21742
22902
-9661
-3351
13004
20056
-34460
-3664
22600
-5511
26044
-3667
-31279
-26131
-29673
-34159
-2279
-33344
7922
-3036
-13350
17290
9380
12093
-33565
8453
-4198
-15349
527
1746
19699
26769
-36387
14538
27919
13885
6327
-34808
14722
-32108
-35819
12499
1493
-29829
23636
9089
6047
25858
-19755
-14298

Sorted sequence:
-37176
-37131
-37106
-37061
-37056
-36923
-36794
-36581
-36568
-36481
-36476
-36422
-36387
-36236
-36106
-36070
-36064
-36061
-36032
-35986
-35875
-35867
-35857
-35819
-35819
-35756
-35739
-35710
-35614
-35590
-35568
-35484
-35395
-35212
-35094
-35082
-35069
-34852
-34808
-34681
-34681
-34670
-34620
-34561
-34460
-34458
-34379
-34367
-34334
-34268
-34159
-34113
-34049
-33908
-33732
-33685
-33596
-33574
-33565
-33508
-33486
-33401
-33380
-33344
-33339
-33326
-33284
-33246
-33206
-33187
-33176
-33154
-33099
-33088
-32999
-32822
-32732
-32712
-32674
-32538
-32531
-32526
-32412
-32383
-32298
-32182
-32164
-32156
-32108
-32064
-32013
-31957
-31819
-31665
-31662
-31615
-31532
-31494
-31406
-31405
-31389
-31325
-31318
-31279
-31198
-31114
-31016
-30988
-30829
-30821
-30767
-30739
-30627
-30578
-30543
-30532
-30512
-30399
-30301
-30266
-30266
-30207
-30110
-30103
-30022
-29829
-29766
-29737
-29673
-29593
-29499
-29445
-29402
-29372
-29110
-29086
-29009
-28908
-28807
-28773
-28711
-28684
-28682
-28561
-28448
-28331
-28315
-28273
-28223
-28222
-28112
-28077
-27957
-27850
-27714
-27479
-27465
-27424
-27405
-27352
-27269
-27219
-27075
-27046
-26904
-26891
-26868
-26784
-26775
-26725
-26708
-26567
-26464
-26449
-26440
-26324
-26298
-26263
-26131
-26043
-26030
-25997
-25870
-25825
-25726
-25603
-25567
-25444
-25424
-25245
-25236
-25219
-25199
-25075
-25040
-24985
-24948
-24941
-24875
-24852
-24834
-24769
-24751
-24465
-24439
-24437
-24413
-24375
-24356
-24194
-24133
-24095
-24047
-24025
-23971
-23898
-23877
-23854
-23819
-23659
-23523
-23512
-23503
-23482
-23222
-22840
-22793
-22752
-22661
-22614
-22424
-22408
-22268
-22247
-22239
-22197
-22094
-22086
-22033
-21935
-21920
-21873
-21870
-21867
-21835
-21792
-21691
-21680
-21586
-21524
-21436
-21282
-21202
-21117
-21098
-21014
-20994
-20972
-20828
-20791
-20676
-20655
-20601
-20455
-20367
-20313
-20218
-20202
-20075
-20062
-20059
-19981
-19916
-19865
-19857
-19819
-19775
-19755
-19706
-19523
-19377
-19265
-19205
-19082
-19052
-19012
-18944
-18915
-18870
-18784
-18723
-18633
-18508
-18431
-18222
-18102
-17868
-17652
-17630
-17436
-17412
-17352
-17273
-17236
-17233
-16914
-16835
-16781
-16766
-16693
-16673
-16638
-16578
-16556
-16528
-16261
-16252
-16251
-16195
-16131
-15995
-15949
-15809
-15768
-15617
-15574
-15431
-15418
-15349
-15336
-15301
-15101
-15077
-15045
-15034
-14933
-14868
-14780
-14740
-14714
-14705
-14686
-14666
-14649
-14645
-14622
-14562
-14472
-14398
-14326
-14298
-14271
-14154
-14118
-13756
-13708
-13556
-13519
-13448
-13425
-13416
-13350
-13315
-13305
-12743
-12669
-12651
-12551
-12462
-12351
-12195
-12119
-11965
-11957
-11942
-11895
-11888
-11838
-11825
-11805
-11691
-11683
-11636
-11634
-11530
-11500
-11499
-11460
-11442
-11289
-11267
-11215
-11196
-11066
-10975
-10966
-10768
-10674
-10647
-10630
-10615
-10485
-10443
-10427
-10407
-10348
-10067
-9978
-9866
-9815
-9777
-9750
-9709
-9661
-9530
-9526
-9442
-9433
-9415
-9339
-9230
-9167
-9018
-8975
-8784
-8728
-8648
-8559
-8539
-8508
-8448
-8434
-8411
-8376
-8363
-8218
-8196
-8171
-8141
-8093
-7971
-7876
-7753
-7551
-7381
-7344
-7339
-7116
-7076
-7053
-6982
-6977
-6593
-6569
-6561
-6557
-6493
-6398
-6389
-6362
-6277
-6139
-6068
-6055
-5834
-5828
-5803
-5646
-5645
-5511
-5366
-5275
-5258
-5010
-4921
-4694
-4674
-4589
-4519
-4447
-4445
-4390
-4384
-4339
-4240
-4198
-4079
-4063
-3992
-3961
-3932
-3842
-3802
-3717
-3667
-3664
-3499
-3351
-3223
-3214
-3171
-3047
-3036
-2901
-2842
-2828
-2690
-2677
-2657
-2536
-2481
-2382
-2346
-2279
-2220
-2210
-2150
-2058
-2043
-1956
-1916
-1870
-1791
-1785
-1593
-1575
-1469
-1391
-1385
-1294
-1290
-1225
-1007
-985
-910
-887
-805
-699
-696
-609
-544
-514
-420
-395
-216
-110
-98
-10
31
89
106
113
183
475
515
527
627
807
889
895
916
1095
1137
1386
1473
1480
1493
1660
1661
1746
1774
1780
1815
1843
1859
1877
2133
2261
2318
2363
2379
2387
2410
2432
2499
2586
2705
2850
2899
3054
3057
3084
3105
3137
3167
3169
3216
3241
3252
3272
3277
3298
3479
3599
3620
3688
3792
3844
3868
3899
3901
3952
3993
4008
4074
4314
4333
4507
4617
4742
4762
4793
4810
4813
4821
4868
4899
4915
4963
4981
5070
5259
5304
5357
5450
5504
5510
6047
6191
6215
6236
6254
6257
6282
6327
6447
6625
6645
6816
6941
7082
7087
7089
7199
7513
7669
7768
7806
7878
7922
8082
8196
8283
8347
8348
8384
8433
8453
8495
8509
8569
8592
8631
8717
8748
8859
8892
8945
8966
9089
9131
9171
9252
9347
9380
9435
9437
9440
9550
9564
9616
9621
9706
9714
9732
9827
10051
10101
10105
10179
10336
10379
10384
10444
10556
10646
10673
10698
10731
10782
10815
10944
11038
11121
11154
11199
11256
11310
11360
11415
11444
11505
11562
11599
11693
11720
11724
11821
11884
11886
11918
11983
12065
12093
12232
12263
12287
12299
12332
12471
12499
12522
12572
12606
12608
12892
13004
13087
13178
13225
13279
13361
13421
13458
13551
13601
13733
13828
13882
13885
13966
14076
14085
14125
14132
14170
14201
14222
14230
14283
14308
14333
14444
14521
14522
14538
14629
14722
14754
14774
14795
14880
14904
14924
14930
14940
14943
15044
15127
15216
15284
15332
15378
15478
15490
15494
15510
15621
15799
15804
15879
15881
15901
15976
15986
16022
16063
16066
16081
16147
16177
16206
16402
16421
16434
16446
16641
16932
16971
17100
17151
17290
17378
17398
17411
17427
17560
17573
17574
17600
17649
17696
17715
17732
17775
17831
17967
17997
18038
18069
18226
18387
18393
18442
18510
18519
18537
18573
18589
18609
18620
18699
18701
18751
18847
18918
18968
19010
19017
19108
19165
19175
19301
19392
19417
19531
19644
19649
19699
19699
19747
19747
19755
19858
19866
20056
20085
20247
20257
20341
20404
20460
20608
20631
20699
20808
20832
20872
21034
21180
21189
21228
21251
21280
21329
21381
21388
21466
21496
21537
21585
21615
21742
21909
22111
22250
22280
22416
22474
22510
22539
22600
22602
22615
22697
22782
22803
22902
22942
23099
23124
23261
23385
23427
23464
23557
23567
23589
23636
23653
23686
23829
23830
23841
23851
24061
24085
24088
24164
24173
24311
24318
24448
24459
24480
24583
24593
24649
24681
24806
24807
24839
24848
24861
25150
25191
25208
25250
25282
25354
25457
25713
25755
25803
25858
25932
25936
26044
26142
26244
26323
26403
26420
26429
26492
26500
26556
26670
26762
26769
26776
26823
26903
26960
26966
26996
27139
27224
27340
27502
27711
27740
27919
27975
28031
28046
28082
28217
28232
28254

Running time: 0 ms
# Comparisons: 7090
