Unsorted sequence:
3548
28067
-11882
-51
5853
6777
28640
-22614
21273
28857
31660
28926
1934
-23816
-8747
-23626
-13029
-2595
8341
-8010
7909
-4970
326
5683
-3106
17479
-25030
-3497
-16186
-944
-28693
-12638
-5643
24961
20080
-32557
-1029
15953
10365
-12522
-20725
9258
16404
13978
18210
-25110
-9648
5181
-27705
-1307
29940
12973
-6276
30266
18656
23386
14978
26395
19889
-1208
25451
23965
18923
-12959
16159
-26532
20020
15130
-10579
-2382
-30159
1464
-25891
-13755
15442
-7681
26670
-26973
-2499
31734
-28279
-5326
11940
-1787
-7827
-2171
-11168
7152
24224
-24046
-26823
16909
-81
-7900
3950
16078
-1664
-8797
-1558
20525
21589
-31717
21990
-4302
-12703
4665
-11982
13967
-22307
18287
12934
-17818
12961
-7893
-19605
-27633
-10063
-30773
-20481
-18606
10716
18232
-1697
-22131
-22435
-30513
-6053
-24098
26225
-7611
-3573
-17720
-6559
18417
10746
-19262
-9684
-1236
27473
-31991
-15716
-25127
15726
-2755
32515
28889
2381
-10315
-1884
-18100
-28920
-23935
-32635
-30617
19469
10466
-28362
-19350
-13632
30632
-26961
15563
-19855
-752
1214
-9109
-20014
-8470
-10344
7460
25074
6708
-17667
8033
3954
-17919
-28613
6335
-28233
2271
21003
-24385
-21664
-11631
-22234
30574
31603
14940
11224
-14796
-19963
17031
767
25717
16280
1981
-16159
-3734
26279
6265
3726
18586
12974
18827
26619
-15839
-31858
30774
23264
-27323
-32490
-21268
13827
-21385
-131
-8407
9189
31472
6533
-12354
-16091
19338
4677
-15323
12288
-11810
19426
-3870
-15543
12939
2395
20951
31525
-17398
7012
25378
32298
7922
-9383
-9973
-19401
23663
1528
27194
2278
1397
18787
-21300
103
-7446
31881
-15988
-20875
3791
1457
-8586
-8018
-11883
20312
9207
-31711
-10060
30158
-186
-27457
4403
25192
-27926
12325
15810
27637
-7076
6706
29165
20118
-23783
-2205
6139
20452
30666
31461
19566
-18088
10586
23357
16137
2000
15339
4254
-10455
24546
-27457
-20514
21938
5126
-15203
26341
30318
22406
5900
13361
17276
-1176
-12700
-19094
-13824
29052
11470
25083
16737
-23399
-8991
-29232
24048
1595
-5874
-25349
-29171
-23302
11673
-6858
1245
16985
-27372
23183
22111
-9807
16757
19662
12600
22657
257
29876
-11285
-12443
-21984
7659
-16157
-10514
32742
580
-1145
-9016
-28651
22904
-7421
-1757
30323
-3824
-25059
-23539
-10681
8954
-6554
-5285
-630
-17210
-15091
-16639
2453
30277
6018
2710
27386
27501
23035
5402
-30375
6878
27656
-30400
-25308
26512
26119
-21191
16649
-14068
-22948
-18563
14876
-15239
-9334
-28572
-6284
16881
31679
25854
-329
-16179
9215
-30643
-18669
-17533
4835
8717
9968
27871
14120
12362
1982
9009
-18038
-23326
2754
-24685
21018
19403
26782
30838
-31927
-23877
15600
24275
13087
-23451
-24379
11999
-30364
8060
28588
-21148
10186
-22848
26854
15021
-14131
4055
10125
32757
16417
12108
-23768
31148
21550
-21014
6463
9802
31158
-32290
-24895
-769
-23399
23473
-9261
22456
-32745
-872
1688
2427
7189
-2491
14047
-15392
-25339
8134
-371
26066
12189
9755
26056
-4160
-10904
-30479
26988
-22121
-18724
-32084
-12319
12434
-31606
-4445
-21102
10530
19028
-30362
220
-13716
1534
1908
21479
-24044
-582
-30009
26099
6847
10893
25729
-32622
23082
2717
-6565
-13845
-8187
-4276
13143
2460
-23000
13827
-9858
-10566
14989
-14303
1101
-7247
-28042
-29261
-7027
-8990
-27727
27649
12489
13765
27067
15248
-25671
-31620
26141
-32709
-31474
16457
-29992
-5271
-30155
-5411
-9546
-17011
-2950
222
29584
19960
-10343
-20961
-27110
23526
-28208
10383
-5735
-2467
1394
-694
25182
-18884
-19696
19483
29133
-12598
20631
22507
20228
-10843
-26571
23005
16655
8810
-15173
-25658
24567
14645
-25436
21384
-30930
-3011
423
-25272
20515
4983
-14888
14780
2516
19274
-18680
27699
-32377
-5608
-18353
-3244
-18206
2278
19264
-30744
24203
25461
-7739
-24677
1504
9856
-17567
-6696
24502
22533
14689
26340
19522
-17655
-31698
-25497
20097
18949
22051
22613
5456
-29396
17545
5847
30532
31960
2604
12326
1471
-10899
-18418
25675
-18205
6611
-31769
16068
-16299
-16567
-23395
8203
5966
24062
1776
25488
6408
-29922
32759
-6262
21795
22044
-16416
-5516
-7352
1130
332
23180
323
-29831
2740
1795
-7962
17090
-5297
6601
23702
-4298
22669
-25364
-20865
-725
15607
-14899
23337
17383
-22177
-3022
20230
-22185
-9284
9258
-141
-25699
3743
-7492
8199
-28692
-17079
8522
-25755
-14339
-22450
31818
2752
-27747
-27116
-6313
724
28322
-31677
-20141
-5170
-16070
-2271
-14600
-31454
8320
15147
21544
-13865
5863
30803
-14005
12932
1779
11271
-11636
-26913
-5808
29655
-19900
12622
7205
11918
15374
12227
17570
9061
12951
13125
10152
25578
7955
-5918
-9460
26124
-4604
-1140
-24264
16941
-15004
14367
-17791
3759
-5467
16756
-17737
-17103
22611
9223
12552
2711
21845
-13009
14629
-28316
-782
-568
13513
-20598
12558
23665
4980
-12254
-15020
-4479
13870
-19623
27149
22374
-2682
-20622
-28793
12295
15905
31275
29051
-1832
-18595
-13873
7392
-6042
-11162
29237
13717
-29300
922
12935
2900
-18332
-7663
-17309
5334
30085
-29562
-9686
-7161
17076
-29309
19989
-26084
777
32135
-22109
13072
-17494
9166
-23412
-19326
23339
-4517
20834
-15470
-15679
-15463
-1753
-12211
18227
11182
-9310
-105
-29248
-26619
-27538
-31929
-23413
28312
26445
26432
31771
13667
348
32549
13036
11007
-19914
-4458
-12594
22210
-23784
10745
-15074
29819
-4724
2016
14356
-6477
-10195
32583
-28061
13263
-289
8226
19413
-27826
9065
28768
-32281
2744
-10335
-510
16411
22781
32039
29447
-31747
12126
-7778
21194
1569
1207
31940
-13505
31026
-5551
-11489
-20153
20740
11085
-20337
-7321
-8419
12142
-31861
10994
-15684
-22796
-25772
17570
-20052
29428
17061
29128
-13325
16333
25808
-12304
28459
18031
8891
-2739
19238
8064
16525
-15271
2513
5036
-2656
23253
-16646
9775
-16834
-25064
21917
16840
-14070
-26533
-5956
-7074
23805
6761
-10412
8099
-29646
-23737
24433
-3838
29494
20125
-18574
5618
17387
664
13682
-31623
18161
-16572
6181
-17262
-26085
-10464
-7487
22616
30007
-18336
6689
-16830
20666
-32034
-23903
-21064
-25273
31220
-12964
10616
-25284
-21298
-25988
-28557
-1173
20973
9830
16214
-11129
23512
-15409
-25735
-25826
23541
22539
-19143
13077
-17715
-29294
10317
29484
-22605
26255
17383
10896
-30415
-3680
18392
-31962
16124
-3759
8289
27594
-29747
12501
26421
23995
22331
-22899
-19901
13076
-5540
19899
20018
-14766
-23097
875
-1689
24724
4349
-24139
21441
14512
2117
-26710
-7358
-28298
2378
11034
-27491
-14265
7275
13566
13329
10297
26067

Sorted sequence:
-32745
-32709
-32635
-32622
-32557
-32490
-32377
-32290
-32281
-32084
-32034
-31991
-31962
-31929
-31927
-31861
-31858
-31769
-31747
-31717
-31711
-31698
-31677
-31623
-31620
-31606
-31474
-31454
-30930
-30773
-30744
-30643
-30617
-30513
-30479
-30415
-30400
-30375
-30364
-30362
-30159
-30155
-30009
-29992
-29922
-29831
-29747
-29646
-29562
-29396
-29309
-29300
-29294
-29261
-29248
-29232
-29171
-28920
-28793
-28693
-28692
-28651
-28613
-28572
-28557
-28362
-28316
-28298
-28279
-28233
-28208
-28061
-28042
-27926
-27826
-27747
-27727
-27705
-27633
-27538
-27491
-27457
-27457
-27372
-27323
-27116
-27110
-26973
-26961
-26913
-26823
-26710
-26619
-26571
-26533
-26532
-26085
-26084
-25988
-25891
-25826
-25772
-25755
-25735
-25699
-25671
-25658
-25497
-25436
-25364
-25349
-25339
-25308
-25284
-25273
-25272
-25127
-25110
-25064
-25059
-25030
-24895
-24685
-24677
-24385
-24379
-24264
-24139
-24098
-24046
-24044
-23935
-23903
-23877
-23816
-23784
-23783
-23768
-23737
-23626
-23539
-23451
-23413
-23412
-23399
-23399
-23395
-23326
-23302
-23097
-23000
-22948
-22899
-22848
-22796
-22614
-22605
-22450
-22435
-22307
-22234
-22185
-22177
-22131
-22121
-22109
-21984
-21664
-21385
-21300
-21298
-21268
-21191
-21148
-21102
-21064
-21014
-20961
-20875
-20865
-20725
-20622
-20598
-20514
-20481
-20337
-20153
-20141
-20052
-20014
-19963
-19914
-19901
-19900
-19855
-19696
-19623
-19605
-19401
-19350
-19326
-19262
-19143
-19094
-18884
-18724
-18680
-18669
-18606
-18595
-18574
-18563
-18418
-18353
-18336
-18332
-18206
-18205
-18100
-18088
-18038
-17919
-17818
-17791
-17737
-17720
-17715
-17667
-17655
-17567
-17533
-17494
-17398
-17309
-17262
-17210
-17103
-17079
-17011
-16834
-16830
-16646
-16639
-16572
-16567
-16416
-16299
-16186
-16179
-16159
-16157
-16091
-16070
-15988
-15839
-15716
-15684
-15679
-15543
-15470
-15463
-15409
-15392
-15323
-15271
-15239
-15203
-15173
-15091
-15074
-15020
-15004
-14899
-14888
-14796
-14766
-14600
-14339
-14303
-14265
-14131
-14070
-14068
-14005
-13873
-13865
-13845
-13824
-13755
-13716
-13632
-13505
-13325
-13029
-13009
-12964
-12959
-12703
-12700
-12638
-12598
-12594
-12522
-12443
-12354
-12319
-12304
-12254
-12211
-11982
-11883
-11882
-11810
-11636
-11631
-11489
-11285
-11168
-11162
-11129
-10904
-10899
-10843
-10681
-10579
-10566
-10514
-10464
-10455
-10412
-10344
-10343
-10335
-10315
-10195
-10063
-10060
-9973
-9858
-9807
-9686
-9684
-9648
-9546
-9460
-9383
-9334
-9310
-9284
-9261
-9109
-9016
-8991
-8990
-8797
-8747
-8586
-8470
-8419
-8407
-8187
-8018
-8010
-7962
-7900
-7893
-7827
-7778
-7739
-7681
-7663
-7611
-7492
-7487
-7446
-7421
-7358
-7352
-7321
-7247
-7161
-7076
-7074
-7027
-6858
-6696
-6565
-6559
-6554
-6477
-6313
-6284
-6276
-6262
-6053
-6042
-5956
-5918
-5874
-5808
-5735
-5643
-5608
-5551
-5540
-5516
-5467
-5411
-5326
-5297
-5285
-5271
-5170
-4970
-4724
-4604
-4517
-4479
-4458
-4445
-4302
-4298
-4276
-4160
-3870
-3838
-3824
-3759
-3734
-3680
-3573
-3497
-3244
-3106
-3022
-3011
-2950
-2755
-2739
-2682
-2656
-2595
-2499
-2491
-2467
-2382
-2271
-2205
-2171
-1884
-1832
-1787
-1757
-1753
-1697
-1689
-1664
-1558
-1307
-1236
-1208
-1176
-1173
-1145
-1140
-1029
-944
-872
-782
-769
-752
-725
-694
-630
-582
-568
-510
-371
-329
-289
-186
-141
-131
-105
-81
-51
103
220
222
257
323
326
332
348
423
580
664
724
767
777
875
922
1101
1130
1207
1214
1245
1394
1397
1457
1464
1471
1504
1528
1534
1569
1595
1688
1776
1779
1795
1908
1934
1981
1982
2000
2016
2117
2271
2278
2278
2378
2381
2395
2427
2453
2460
2513
2516
2604
2710
2711
2717
2740
2744
2752
2754
2900
3548
3726
3743
3759
3791
3950
3954
4055
4254
4349
4403
4665
4677
4835
4980
4983
5036
5126
5181
5334
5402
5456
5618
5683
5847
5853
5863
5900
5966
6018
6139
6181
6265
6335
6408
6463
6533
6601
6611
6689
6706
6708
6761
6777
6847
6878
7012
7152
7189
7205
7275
7392
7460
7659
7909
7922
7955
8033
8060
8064
8099
8134
8199
8203
8226
8289
8320
8341
8522
8717
8810
8891
8954
9009
9061
9065
9166
9189
9207
9215
9223
9258
9258
9755
9775
9802
9830
9856
9968
10125
10152
10186
10297
10317
10365
10383
10466
10530
10586
10616
10716
10745
10746
10893
10896
10994
11007
11034
11085
11182
11224
11271
11470
11673
11918
11940
11999
12108
12126
12142
12189
12227
12288
12295
12325
12326
12362
12434
12489
12501
12552
12558
12600
12622
12932
12934
12935
12939
12951
12961
12973
12974
13036
13072
13076
13077
13087
13125
13143
13263
13329
13361
13513
13566
13667
13682
13717
13765
13827
13827
13870
13967
13978
14047
14120
14356
14367
14512
14629
14645
14689
14780
14876
14940
14978
14989
15021
15130
15147
15248
15339
15374
15442
15563
15600
15607
15726
15810
15905
15953
16068
16078
16124
16137
16159
16214
16280
16333
16404
16411
16417
16457
16525
16649
16655
16737
16756
16757
16840
16881
16909
16941
16985
17031
17061
17076
17090
17276
17383
17383
17387
17479
17545
17570
17570
18031
18161
18210
18227
18232
18287
18392
18417
18586
18656
18787
18827
18923
18949
19028
19238
19264
19274
19338
19403
19413
19426
19469
19483
19522
19566
19662
19889
19899
19960
19989
20018
20020
20080
20097
20118
20125
20228
20230
20312
20452
20515
20525
20631
20666
20740
20834
20951
20973
21003
21018
21194
21273
21384
21441
21479
21544
21550
21589
21795
21845
21917
21938
21990
22044
22051
22111
22210
22331
22374
22406
22456
22507
22533
22539
22611
22613
22616
22657
22669
22781
22904
23005
23035
23082
23180
23183
23253
23264
23337
23339
23357
23386
23473
23512
23526
23541
23663
23665
23702
23805
23965
23995
24048
24062
24203
24224
24275
24433
24502
24546
24567
24724
24961
25074
25083
25182
25192
25378
25451
25461
25488
25578
25675
25717
25729
25808
25854
26056
26066
26067
26099
26119
26124
26141
26225
26255
26279
26340
26341
26395
26421
26432
26445
26512
26619
26670
26782
26854
26988
27067
27149
27194
27386
27473
27501
27594
27637
27649
27656
27699
27871
28067
28312
28322
28459
28588
28640
28768
28857
28889
28926
29051
29052
29128
29133
29165
29237
29428
29447
29484
29494
29584
29655
29819
29876
29940
30007
30085
30158
30266
30277
30318
30323
30532
30574
30632
30666
30774
30803
30838
31026
31148
31158
31220
31275
31461
31472
31525
31603
31660
31679
31734
31771
31818
31881
31940
31960
32039
32135
32298
32515
32549
32583
32742
32757
32759

Running time: 0 ms
No comparisons for radix sort
