Unsorted sequence:
-4809
-8761
-30464
9698
1884
-20197
-22639
-4405
-3006
-6134
6591
-13308
-6600
11377
20060
-10736
5958
-10493
-18016
15194
-31407
27565
-17654
22190
-21748
-10691
7952
4928
606
10858
17355
-32469
6597
-8608
-18271
12981
8463
-3641
-19691
9957
-5275
24168
1150
-7375
-25490
25710
19158
17736
-13050
5642
-28104
-7189
4940
24277
19501
-12307
18086
-813
-2879
23193
14545
18977
-4776
-7124
-17898
14221
-22410
-4935
-17687
27935
-23244
-18461
-8932
-17594
11432
-29921
-20151
-30445
-7685
4067
12466
1479
-31389
21906
-35279
-7387
-18668
20076
-36467
-17046
15002
15346
-26336
-18041
12722
-6966
-32087
-5187
25367
20262

Sorted sequence:
-36467
-35279
-32469
-32087
-31407
-31389
-30464
-30445
-29921
-28104
-26336
-25490
-23244
-22639
-22410
-21748
-20197
-20151
-19691
-18668
-18461
-18271
-18041
-18016
-17898
-17687
-17654
-17594
-17046
-13308
-13050
-12307
-10736
-10691
-10493
-8932
-8761
-8608
-7685
-7387
-7375
-7189
-7124
-6966
-6600
-6134
-5275
-5187
-4935
-4809
-4776
-4405
-3641
-3006
-2879
-813
606
1150
1479
1884
4067
4928
4940
5642
5958
6591
6597
7952
8463
9698
9957
10858
11377
11432
12466
12722
12981
14221
14545
15002
15194
15346
17355
17736
18086
18977
19158
19501
20060
20076
20262
21906
22190
23193
24168
24277
25367
25710
27565
27935

Running time: 0 ms
# Comparisons: 413
