Unsorted sequence:
3749
24736
-31286
-23468
-18424
22620
-8739
20136
-11295
-12837
-4991
1756
5699
1377
-5463
22578
1657
27215
-20773
12704
5230
-4352
-5691
9311
7099
9349
-2149
-10572
-32027
-25751
-13955
4490
-1015
-12473
-18977
13329
10147
5052
-32069
31620
-7785
-4292
-32159
30683
-2915
-4853
-12274
31510
22362
-279
-21321
27592
28137
-27012
-28632
-30299
15105
1987
-8103
15847
-23764
10710
20337
7990
-1763
1360
21319
-24383
-26355
22018
7238
-1371
17726
7847
29312
-17956
2994
-15729
-19213
25356
-16008
-7765
20182
-20638
-2009
-8450
14598
13097
26306
-26272
-3823
-30225
-15562
16514
-22235
-17325
-14892
31853
-8940
24288

Sorted sequence:
-32159
-32069
-32027
-31286
-30299
-30225
-28632
-27012
-26355
-26272
-25751
-24383
-23764
-23468
-22235
-21321
-20773
-20638
-19213
-18977
-18424
-17956
-17325
-16008
-15729
-15562
-14892
-13955
-12837
-12473
-12274
-11295
-10572
-8940
-8739
-8450
-8103
-7785
-7765
-5691
-5463
-4991
-4853
-4352
-4292
-3823
-2915
-2149
-2009
-1763
-1371
-1015
-279
1360
1377
1657
1756
1987
2994
3749
4490
5052
5230
5699
7099
7238
7847
7990
9311
9349
10147
10710
12704
13097
13329
14598
15105
15847
16514
17726
20136
20182
20337
21319
22018
22362
22578
22620
24288
24736
25356
26306
27215
27592
28137
29312
30683
31510
31620
31853

Running time: 0 ms
No comparisons for radix sort
