Unsorted sequence:
22343
14015
-28356
-26806
-3583
-15362
-6293
7596
-21693
-37116
-20281
-4913
-24500
7354
4277
-36290
3431
-1903
11505
-5077
-5521
-18328
-22054
6134
-37214
1102
-895
-18827
-3996
-4457
24835
-9920
-18709
979
-32225
-17792
22886
-34018
-5696
5693
-33866
11292
-27487
-21098
23146
14058
12647
-1690
16656
-4115
-2267
-17132
14825
12947
26270
-17889
-14217
-35660
552
19055
-35617
-35648
13635
-17058
2600
-14090
-30350
-35549
-10840
1223
7412
25329
-15752
17193
8731
-20873
-29784
-6889
-18062
24140
-6504
-15829
-21259
12821
-31148
9511
-33334
24670
-21648
-28282
-17310
-19997
-26661
825
214
-19561
24004
7132
14925
17664

Sorted sequence:
-37214
-37116
-36290
-35660
-35648
-35617
-35549
-34018
-33866
-33334
-32225
-31148
-30350
-29784
-28356
-28282
-27487
-26806
-26661
-24500
-22054
-21693
-21648
-21259
-21098
-20873
-20281
-19997
-19561
-18827
-18709
-18328
-18062
-17889
-17792
-17310
-17132
-17058
-15829
-15752
-15362
-14217
-14090
-10840
-9920
-6889
-6504
-6293
-5696
-5521
-5077
-4913
-4457
-4115
-3996
-3583
-2267
-1903
-1690
-895
0
214
552
825
979
1102
1223
2600
3431
4277
5693
6134
7132
7354
7412
7596
8731
9511
11292
11505
12647
12821
12947
13635
14015
14058
14825
14925
16656
17193
17664
19055
22343
22886
23146
24004
24140
24670
24835
25329

Running time: 0 ms
# Comparisons: 5050
