Unsorted sequence:
-30552
-753
-36607
15518
2314
-11580
24425
-9056
-3199
-19320
-25181
10113
-23477
7300
-16106
2678
-33600
-35973
21970
-5577
16534
-21486
-13567
21526
-20938
-30891
8428
-4123
3435
-3547
16596
10151
200
17258
-35366
-25752
10178
-6441
-30308
-21288
11508
-18220
-6675
-7469
26348
14487
-33058
-35519
-16986
26181
-3827
-28719
9195
-12894
-35460
-7243
-6516
-22532
-6866
-31348
-21578
-18536
-16697
15890
3222
-14794
-5362
-14867
16033
1599
1113
-726
20647
-33829
-36462
-14040
-14841
516
20477
5441
-1570
21150
-18777
12125
-20011
-16969
-23385
10741
-35000
7018
-16107
-19310
-7018
4465
1080
-32063
26939
-32548
-9662
-18063
6319
-4049
-14288
-34069
-33378
19285
21926
-10951
-8466
14136
-1009
27232
-25749
17482
11090
-8491
5013
-7794
6750
7281
-29043
27912
-7529
-31561
4110
-34715
-26356
-29986
-29995
-31518
21986
-19176
1701
-20569
16790
5591
-29550
10449
-859
-748
-36449
-30135
-34550
-24930
24615
-18960
-28921
1361
10514
15098
13143
-14029
-18025
-22653
-8322
-9415
12667
2590
-34901
-12828
8340
24353
5264
14541
-24482
26554
24633
16003
8737
-4493
19755
-23212
2640
22473
21893
-33780
-24753
-35294
-27919
-9739
17072
22492
13501
3547
4340
9679
-34135
-11260
16770
-31768
13181
-35925
-35682
22945
15885
9871
21233
12251
-2393
-31065
12258
-10904
-17009
-13369
16069
-23383
22886
-36951
11358
-33300
23346
-32605
-6307
8580
8210
-30234
22759
11343
-36994
11262
-15925
13455
12606
-14338
-24634
224
33
-31668
16975
-30626
7302
966
-37030
27561
-7903
16307
8678
-13284
-16143
24537
23451
-21064
-36335
-11123
-7984
9144
-4089
-13492
24987
-36582
2271
-19204
14141
-13390
-29042
-5993
-8666
8259
-393
-19958
-17867
11409
-14492
-17629
-22065
14873
3179
23882
6089
-8464
20152
1273
7740
-11683
27419
4256
-30806
27830
-4736
-1318
-37019
-30732
16746
-18377
-6854
24972
12898
-11020
4964
17006
6290
-8402
148
-3702
11237
15352
-17096
18916
-21801
26261
-17815
2851
-732
-5575
-37099
-34348
-29586
2131
-34785
2947
-27454
-1768
9483
-6208
-15645
7130
-9503
-31014
-32157
-39
-9508
-21366
-36708
-4859
12200
-20970
-17774
-395
-30321
-35075
-2401
21900
-27724
1367
-11942
5212
-28481
-37027
-20924
6770
-29580
21657
-23265
-15597
-12818
-1642
-36734
-17821
-28156
1145
-13359
-395
-15721
-12799
-33521
979
-29269
18740
-27683
10446
-11835
-25583
4079
-2291
-19716
-3363
7421
-10928
-35890
23766
-32425
-28202
-15612
-18422
-6530
-23929
-15564
26771
-4482
-6452
-351
-13341
-2347
-11572
-21639
-31368
26676
-13640
24640
3493
-31461
17305
15178
-22882
-13253
-32804
-21744
-34098
26303
-20366
-5832
-34389
-11299
-16944
17224
-13329
-3605
6160
-14825
-3586
4208
-10675
20341
-26405
15021
-29565
-20505
-19338
26831
8636
21424
-130
-2326
-24433
14257
-11078
12798
-35754
24859
10834
13915
-9240
-19055
-25651
-21684
2669
-34480
11980
-19438
-12036
12894
22039
-18211
-27800
134
1310
12671
16897
19241
11235
-35502
-20370
-17162
-559
-7535
-31172
-7137
-23003
3109
-10545
-7669
-11242
17483
10545
-32393
-32468
17714
-29604
-15988
-29990
-37140
1406
-3451
14684
10875
-31584
-12273
-4721
-10187
11468
-21753
-8420
-37169
-34415
-4479
25332
4449
25652
6829
-20709
-13160
-29107
-27451
8823
-14062
10192
-19145
-24614
-14912
-30632
15431
-14784
8042
-16287
-28367
-9350
22164
-36140
23197
-16290
12597
5944
-20210
-20072
8798
12579
-23007
-15020
-22804
21090
-31229
-31464
-3516
11356
14627
19690
-6719
-32784
-424
15637
-26148
-13260
5353
19162
-25047
-18514
14313
-31150
-17386
-23525
-10171
-289
19688
-25881
16908
-32549
-8801
-34366
22466
5663
-8775
-4263
11468
24977
-21174
-34940
-16368
9375
2311
20477
-36023
-19337
11717
6598
4326
23939
25352
-9628
-35478
-20300
4115
24386
16679
-37232
3006
-27448
-32513
-34062
-24545
-5547
8869
-28820
27459
24837
-32110
-21982
27166
21557
-8106
-31558
13767
-6861
-13626
-35550
-28529
27968
25657
1323
-9927
-5321
18291
-1312
23566
-26064
-1275
-1695
-16244
-29288
1511
-36289
2434
14880
4926
1626
-21317
-22684
-15856
10349
-29393
13306
16059
-11126
-21821
-25834
-9408
19685
-26133
-12018
-7259
-31560
-12838
15533
-28371
-17539
-6031
7622
-14734
-17775
-17166
-8723
15972
22536
-22110
-7369
-36873
26608
7216
-15460
8690
15091
2346
-3517
-24302
-14975
-24851
3559
-23557
19052
-3959
-26315
24760
-12297
-6282
-31878
7432
24955
-19756
-2802
-21087
347
25743
-33382
27383
8134
-3482
27779
6475
8234
16819
19666
-4942
-9102
-12118
-24744
13192
-32469
16083
-5865
23851
16625
5088
-12423
-23939
-29461
25734
-12006
-6
-22288
22460
16176
-17441
-12831
-12706
-18325
-32964
21080
-18813
-21989
-31721
2506
-30590
605
-34862
27327
13130
15598
-641
-31822
14233
-5057
-10697
-8945
19788
-30135
-33906
-15512
-4873
3357
-532
22087
24033
-13473
-19011
-16940
5470
18060
8641
-8842
572
14188
-34603
-25518
19294
-32197
-26457
4157
-12099
-22598
-23165
-26132
9613
-29361
-30577
-31633
-22228
-27215
-9877
-22601
-19358
-5909
-28781
-23592
-14882
22244
-36031
27856
-20731
9878
23514
17109
-4201
26180
-36675
-13174
-1517
6903
-4517
-9115
-11195
-23181
2021
-29849
-15274
-24056
8553
-33002
18764
3176
-18335
-28860
1767
-9848
17583
24153
16896
18820
-9025
-32101
431
-13778
-10492
731
-15865
22868
24825
-12881
-31264
24809
15272
-5191
-26639
21793
-30539
28122
-30530
15282
-33147
25502
22959
18553
1142
-3541
-19562
23226
-7654
1835
13779
20589
7002
18711
11311
1010
-8825
-53
-4388
20500
24334
1616
-15726
-21429
926
27670
-27903
7655
27525
11602
-5330
-1122
-23931
-10638
-10836
14480
-9678
-25897
-23329
19936
13206
27718
-20510
24708
-14606
28069
-2549
-18931
-33019
-2437
6070
-36952
-29087
27612
11654
9107
27016
21019
-11505
-6494
-28414
-12335
-3115
-15076
-18472
-9451
3904
9118
1920
17843
-31981
19626
-15474
-15223
16067
7189
17346
18019
-7242
21596
-12685
-29439
-10856
28263
2674
5299
-23665
1423
-34717
-30670
-571
-25862
-5736
814
-36438
-19708
-36903
4734
26678
2285
27077
-33570
26412
16103
21242
14212
-4975
-22447
-28804
-7716
3649
-4220
113
-2706
-4224
-25480
-25674
-23388
-19557
-23123
-16790
-15627
-11717
-18026
22455
-10887
-466
22820
-1653
-34823
-35929
-2843
-31125
27751
-15006
-5383
-19072
-15481
9439
-10607
-18697
-15179
-10327
18685
19383
-10051
-2295
-1791
3829
-17351
12355
-8460
-28478
-27629
10782
-34290
-34015
14817
-6969
1600
17262
27137
3258
-9362
-6147
-7248
22523
-20719
-18229
-29073
-26826
-32425
25784
115
23528
16900
-5435
25733
19610
-29873
12882
3698
-33833
21672

Sorted sequence:
-37232
-37169
-37140
-37099
-37030
-37027
-37019
-36994
-36952
-36951
-36903
-36873
-36734
-36708
-36675
-36607
-36582
-36462
-36449
-36438
-36335
-36289
-36140
-36031
-36023
-35973
-35929
-35925
-35890
-35754
-35682
-35550
-35519
-35502
-35478
-35460
-35366
-35294
-35075
-35000
-34940
-34901
-34862
-34823
-34785
-34717
-34715
-34603
-34550
-34480
-34415
-34389
-34366
-34348
-34290
-34135
-34098
-34069
-34062
-34015
-33906
-33833
-33829
-33780
-33600
-33570
-33521
-33382
-33378
-33300
-33147
-33058
-33019
-33002
-32964
-32804
-32784
-32605
-32549
-32548
-32513
-32469
-32468
-32425
-32425
-32393
-32197
-32157
-32110
-32101
-32063
-31981
-31878
-31822
-31768
-31721
-31668
-31633
-31584
-31561
-31560
-31558
-31518
-31464
-31461
-31368
-31348
-31264
-31229
-31172
-31150
-31125
-31065
-31014
-30891
-30806
-30732
-30670
-30632
-30626
-30590
-30577
-30552
-30539
-30530
-30321
-30308
-30234
-30135
-30135
-29995
-29990
-29986
-29873
-29849
-29604
-29586
-29580
-29565
-29550
-29461
-29439
-29393
-29361
-29288
-29269
-29107
-29087
-29073
-29043
-29042
-28921
-28860
-28820
-28804
-28781
-28719
-28529
-28481
-28478
-28414
-28371
-28367
-28202
-28156
-27919
-27903
-27800
-27724
-27683
-27629
-27454
-27451
-27448
-27215
-26826
-26639
-26457
-26405
-26356
-26315
-26148
-26133
-26132
-26064
-25897
-25881
-25862
-25834
-25752
-25749
-25674
-25651
-25583
-25518
-25480
-25181
-25047
-24930
-24851
-24753
-24744
-24634
-24614
-24545
-24482
-24433
-24302
-24056
-23939
-23931
-23929
-23665
-23592
-23557
-23525
-23477
-23388
-23385
-23383
-23329
-23265
-23212
-23181
-23165
-23123
-23007
-23003
-22882
-22804
-22684
-22653
-22601
-22598
-22532
-22447
-22288
-22228
-22110
-22065
-21989
-21982
-21821
-21801
-21753
-21744
-21684
-21639
-21578
-21486
-21429
-21366
-21317
-21288
-21174
-21087
-21064
-20970
-20938
-20924
-20731
-20719
-20709
-20569
-20510
-20505
-20370
-20366
-20300
-20210
-20072
-20011
-19958
-19756
-19716
-19708
-19562
-19557
-19438
-19358
-19338
-19337
-19320
-19310
-19204
-19176
-19145
-19072
-19055
-19011
-18960
-18931
-18813
-18777
-18697
-18536
-18514
-18472
-18422
-18377
-18335
-18325
-18229
-18220
-18211
-18063
-18026
-18025
-17867
-17821
-17815
-17775
-17774
-17629
-17539
-17441
-17386
-17351
-17166
-17162
-17096
-17009
-16986
-16969
-16944
-16940
-16790
-16697
-16368
-16290
-16287
-16244
-16143
-16107
-16106
-15988
-15925
-15865
-15856
-15726
-15721
-15645
-15627
-15612
-15597
-15564
-15512
-15481
-15474
-15460
-15274
-15223
-15179
-15076
-15020
-15006
-14975
-14912
-14882
-14867
-14841
-14825
-14794
-14784
-14734
-14606
-14492
-14338
-14288
-14062
-14040
-14029
-13778
-13640
-13626
-13567
-13492
-13473
-13390
-13369
-13359
-13341
-13329
-13284
-13260
-13253
-13174
-13160
-12894
-12881
-12838
-12831
-12828
-12818
-12799
-12706
-12685
-12423
-12335
-12297
-12273
-12118
-12099
-12036
-12018
-12006
-11942
-11835
-11717
-11683
-11580
-11572
-11505
-11299
-11260
-11242
-11195
-11126
-11123
-11078
-11020
-10951
-10928
-10904
-10887
-10856
-10836
-10697
-10675
-10638
-10607
-10545
-10492
-10327
-10187
-10171
-10051
-9927
-9877
-9848
-9739
-9678
-9662
-9628
-9508
-9503
-9451
-9415
-9408
-9362
-9350
-9240
-9115
-9102
-9056
-9025
-8945
-8842
-8825
-8801
-8775
-8723
-8666
-8491
-8466
-8464
-8460
-8420
-8402
-8322
-8106
-7984
-7903
-7794
-7716
-7669
-7654
-7535
-7529
-7469
-7369
-7259
-7248
-7243
-7242
-7137
-7018
-6969
-6866
-6861
-6854
-6719
-6675
-6530
-6516
-6494
-6452
-6441
-6307
-6282
-6208
-6147
-6031
-5993
-5909
-5865
-5832
-5736
-5577
-5575
-5547
-5435
-5383
-5362
-5330
-5321
-5191
-5057
-4975
-4942
-4873
-4859
-4736
-4721
-4517
-4493
-4482
-4479
-4388
-4263
-4224
-4220
-4201
-4123
-4089
-4049
-3959
-3827
-3702
-3605
-3586
-3547
-3541
-3517
-3516
-3482
-3451
-3363
-3199
-3115
-2843
-2802
-2706
-2549
-2437
-2401
-2393
-2347
-2326
-2295
-2291
-1791
-1768
-1695
-1653
-1642
-1570
-1517
-1318
-1312
-1275
-1122
-1009
-859
-753
-748
-732
-726
-641
-571
-559
-532
-466
-424
-395
-395
-393
-351
-289
-130
-53
-39
-6
33
113
115
134
148
200
224
347
431
516
572
605
731
814
926
966
979
1010
1080
1113
1142
1145
1273
1310
1323
1361
1367
1406
1423
1511
1599
1600
1616
1626
1701
1767
1835
1920
2021
2131
2271
2285
2311
2314
2346
2434
2506
2590
2640
2669
2674
2678
2851
2947
3006
3109
3176
3179
3222
3258
3357
3435
3493
3547
3559
3649
3698
3829
3904
4079
4110
4115
4157
4208
4256
4326
4340
4449
4465
4734
4926
4964
5013
5088
5212
5264
5299
5353
5441
5470
5591
5663
5944
6070
6089
6160
6290
6319
6475
6598
6750
6770
6829
6903
7002
7018
7130
7189
7216
7281
7300
7302
7421
7432
7622
7655
7740
8042
8134
8210
8234
8259
8340
8428
8553
8580
8636
8641
8678
8690
8737
8798
8823
8869
9107
9118
9144
9195
9375
9439
9483
9613
9679
9871
9878
10113
10151
10178
10192
10349
10446
10449
10514
10545
10741
10782
10834
10875
11090
11235
11237
11262
11311
11343
11356
11358
11409
11468
11468
11508
11602
11654
11717
11980
12125
12200
12251
12258
12355
12579
12597
12606
12667
12671
12798
12882
12894
12898
13130
13143
13181
13192
13206
13306
13455
13501
13767
13779
13915
14136
14141
14188
14212
14233
14257
14313
14480
14487
14541
14627
14684
14817
14873
14880
15021
15091
15098
15178
15272
15282
15352
15431
15518
15533
15598
15637
15885
15890
15972
16003
16033
16059
16067
16069
16083
16103
16176
16307
16534
16596
16625
16679
16746
16770
16790
16819
16896
16897
16900
16908
16975
17006
17072
17109
17224
17258
17262
17305
17346
17482
17483
17583
17714
17843
18019
18060
18291
18553
18685
18711
18740
18764
18820
18916
19052
19162
19241
19285
19294
19383
19610
19626
19666
19685
19688
19690
19755
19788
19936
20152
20341
20477
20477
20500
20589
20647
21019
21080
21090
21150
21233
21242
21424
21526
21557
21596
21657
21672
21793
21893
21900
21926
21970
21986
22039
22087
22164
22244
22455
22460
22466
22473
22492
22523
22536
22759
22820
22868
22886
22945
22959
23197
23226
23346
23451
23514
23528
23566
23766
23851
23882
23939
24033
24153
24334
24353
24386
24425
24537
24615
24633
24640
24708
24760
24809
24825
24837
24859
24955
24972
24977
24987
25332
25352
25502
25652
25657
25733
25734
25743
25784
26180
26181
26261
26303
26348
26412
26554
26608
26676
26678
26771
26831
26939
27016
27077
27137
27166
27232
27327
27383
27419
27459
27525
27561
27612
27670
27718
27751
27779
27830
27856
27912
27968
28069
28122
28263

Running time: 0 ms
# Comparisons: 242413
