Unsorted sequence:
20677
14745
25486
-21296
8201
27522
-30897
5192
-16848
-22295
7581
-5034
-3151
-24436
-18331
25576
-761
27350
25861
25750
-6873
18692
9135
18615
-3509
7235
-13275
-9641
-21971
11750
-30221
3206
-34540
-234
19178
10930
-33747
-7218
20622
-13326
7755
-32831
18908
-23662
-19999
5077
6414
-16260
4160
4009
-18777
-30979
-5566
27627
-7864
28194
-26173
16130
23053
21891
-33155
-2667
-3169
-30426
-31168
-12258
-14996
-27647
17792
-22641
-36473
-35487
14563
-13065
-21881
-33702
-36255
-10967
-12694
5174
-35225
-26970
-21305
-36290
5157
-24669
-36363
-16516
-36806
-8810
9875
75
25791
-21561
-25851
-33644
-29318
-3579
8745
-7026

Sorted sequence:
-36806
-36473
-36363
-36290
-36255
-35487
-35225
-34540
-33747
-33702
-33644
-33155
-32831
-31168
-30979
-30897
-30426
-30221
-29318
-27647
-26970
-26173
-25851
-24669
-24436
-23662
-22641
-22295
-21971
-21881
-21561
-21305
-21296
-19999
-18777
-18331
-16848
-16516
-16260
-14996
-13326
-13275
-13065
-12694
-12258
-10967
-9641
-8810
-7864
-7218
-7026
-6873
-5566
-5034
-3579
-3509
-3169
-3151
-2667
-761
-234
75
3206
4009
4160
5077
5157
5174
5192
6414
7235
7581
7755
8201
8745
9135
9875
10930
11750
14563
14745
16130
17792
18615
18692
18908
19178
20622
20677
21891
23053
25486
25576
25750
25791
25861
27350
27522
27627
28194

Running time: 0 ms
# Comparisons: 4895
