Unsorted sequence:
-1968
5153
7261
-37023
22742
-2095
-13224
21286
20542
15750
-31058
9610
-8404
7508
-7994
19455
8016
-32238
-5286
-31935
8926
-5346
-21944
-1007
-36351
-14647
3786
-12245
13799
-13213
-18607
-16436
-3560
25922
16576
23682
-37207
-24914
16701
-12165
28104
-9857
-30821
-8567
2151
-34315
15388
-18099
3482
14603
20001
-15859
-19010
-30209
-12366
-18092
-7588
-4079
-25837
10711
-12792
-7176
-1225
20916
23247
19852
-16436
23308
-33329
4765
-17124
-725
-33358
22090
-4792
-26707
25043
-17671
-7538
258
-31335
16964
-11100
19691
24023
-18966
-26668
20935
14223
17530
-29388
5931
-17913
-26113
-34187
-22933
-34528
-13355
4875
2178
-36857
25020
-26814
-180
18843
5662
10382
-17148
-7508
7344
20378
-1575
-3959
13778
22616
24564
-33454
448
-15535
-14731
-10289
25112
-37066
-23701
-29268
-1218
23401
6240
22695
10
-19849
-9662
-36005
-9394
27427
20106
768
-23226
-25309
-35007
21386
-430
687
21928
17848
27803
-14543
-11106
-15
-25578
-21336
26964
-28733
11633
7763
12035
-17852
2898
-9992
-23424
-25359
-25341
4182
8671
2533
-29426
510
-24965
17383
-20298
10063
-22265
-16228
15250
-28604
-26647
14787
26888
-33252
-13495
-26956
-17320
17969
14346
-33954
-2534
-1886
-14538
-27903
-7378
-33462
16773
4550
-24780
-2823
11583
-16937
2187
-8882
4946
-13611
-27085
19949
7429
25433
-4155
-14717
-20815
-5533
22066
2958
-27989
-23521
-7339
23625
12560
-5373
26240
-30245
3992
23362
-26439
25265
-33123
18816
26942
-17039
6379
862
11347
-16941
24520
-11238
-25259
-29086
18696
7855
26232
2381
6822
20031
-22927
16101
-31757
-25766
-21309
18071
6129
-23336
-7674
14621
-28240
-29613
11619
8672
26472
-22474
-36634
-28184
15656
-20786
-7857
-20859
-27524
4153
20091
-37095
16508
18056
2555
-4937
-22947
-15872
-17103
15331
-37138
-1144
-27632
-26509
-19979
1962
25380
21816
-23150
-24036
2221
7822
-9242
2856
16906
10914
19338
-19217
27324
-36453
-10564
19148
-3512
10444
-23831
3543
-22760
-9510
-7829
-35363
-22445
-7699
-32007
19958
3060
-14718
-6347
-32595
-21169
-24997
-19363
-14447
20093
8663
25677
8733
24077
-16020
-5984
23134
-15205
-12048
-18753
-14217
-29871
27452
26594
17404
22442
23265
19309
4497
-12701
24570
-3812
27627
14353
-5658
-33235
-35083
6613
17437
-12262
-1560
-34935
17915
11673
26411
-26372
-22578
-11490
-37076
-30126
-25742
18742
-22729
-26557
17070
-825
385
-20700
-9783
-23384
3868
19287
10072
-29540
5373
-23853
7261
-25209
-12739
-3569
-32971
22969
-34003
22213
6375
-35859
341
-11703
22686
-32235
28206
-31323
23776
-22790
12155
-20189
13653
-15726
-3621
8370
-34610
-28020
-610
-20038
12476
9264
26145
-8530
21323
-14861
-7599
25620
-20159
-37102
-13202
-9284
-2926
-8360
-16487
-8506
-3327
-16548
-35329
-7818
-34838
-18673
-23507
-16685
-29899
10141
-36582
-27241
-13379
-32692
22756
3597
13840
20634
-433
-25872
-22494
-36298
4249
27382
-3365
-37220
22598
-34557
24455
-22156
26972
-7138
-34204
-36624
-10456
-31774
14738
-29462
21576
22107
17947
22262
-634
9068
26839
-6144
-15601
-20356
-13777
21234
-8959
-31770
-10564
-32977
112
23340
-162
-5556
-6717
-3973
-23212
-8012
-6611
12620
25399
-12567
18114
-20897
-4761
-21344
-27057
17686
-27349
-23190
-34280
3990
7934
-12613
-11865
-1343
-19646
16444
-28613
-25709
-12033
8768
2131
25073
7712
-32853
25600
-11000
-36365
23489
-26647
-6466
-17344
-4032
9905
-17605
11892
-12651
4582
21811
1427
7570
-35233
13861
-33310
-9830
-15749
17079
11114
25674
-36897
-29186
6175
-30266
387
18387
-25851
-35047
-20880
7819
25710
-10258
-26913
12866
-9790
-12508
-238
-26165
-20659
-23923
146
18036
20915
-30587
3630
-7895
-3149
-7618
-19083
12465
-10211
14056
-12221
464
21058
-7333
23351
-292
-5112
-25796
-20740
25098
-31554
22382
-23070
-4076
14375
13960
-25741
-34551
27305
11674
20754
-12815
18355
-36651
16558
19707
25766
-30792
-28863
20055
-12236
-3815
25019
-19444
-6648
20103
-15236
25508
-1192
-31476
-10429
-28246
28175
3769
-27821
-18485
22229
16473
-15768
21267
-120
9486
-19815
22736
-22664
-31524
-18592
-25165
7720
-10187
-609
-32783
-9502
-3857
17808
21118
20747
-25695
-14409
24055
12865
-20337
-32458
-19995
-12068
9756
-1212
-18105
-2037
20288
-25105
2343
-31260
25116
-35956
-16656
-1908
-17280
28214
-22455
-22966
-33430
14798
-27968
-32786
4339
-2349
25229
-16855
20510
21017
-32257
4673
-6941
-14984
-35661
7316
-11696
-16498
-22988
13092
-37103
-16145
19100
25281
-14832
6944
-4893
-27612
-25876
-22848
-13310
-22038
-36317
-36777
15211
-27477
-1858
12173
-7064
23152
-27845
-34821
-441
-30285
20230
1166
14299
-19733
21936
-4189
-34908
22101
-15834
-11307
-13652
6602
137
18723
-16509
-21239
-32392
-25319
26759
-31440
-24828
13703
-21649
10582
-2390
-24213
5468
-25735
11001
-23240
-18752
-29804
15194
47
-12269
-23905
358
22858
2696
21793
16051
26312
-32640
20689
16768
-11881
-28817
-11123
69
-30325
27472
12509
20647
10323
27592
22757
-9390
4793
-31245
-26656
-13947
20039
-19192
5747
24586
-26961
19110
-3322
397
-6461
22971
-11818
-8415
27599
-19396
12853
-12548
21822
-26537
-7979
-36769
5435
-23737
21146
-12509
-24412
15636
15369
-15119
-11109
25981
8202
-19337
11289
-14318
-23017
21596
9292
-21839
26494
7332
-27135
19176
3417
-27803
4280
-11997
-35851
-2165
-34033
-6562
-1666
8670
-25798
-8787
662
-12942
11349
-12236
-23560
-28026
18246
21910
22672
1268
12093
-28612
27365
25885
19584
-7176
4950
-35818
-16267
-19900
-26352
25281
-27396
-24935
-5151
8606
-26996
-35083
21776
-15526
26165
-5829
-23968
-23520
19204
-10260
18489
-23585
16151
12894
-17817
-32791
-11217
14048
-35173
-19900
-21395
7046
14318
-394
-8354
25234
-36148
1518
4799
-4030
-18143
-17697
-34613
-24633
4045
-3948
-25962
17346
9800
-2258
11586
-32746
11425
-530
17417
-1891
-28821
10700
-16110
-26725
-4700
-33004
-15179
-18649
-28898
13735
11085
-27777
19754
20385
-27307
6111
-25579
-24652
-14022
15735
8668
-2715
-27954
22969
-33240
-11868
27491
-17314
-7897
-16127
18063
550
-33694
6453
11093
-33893
10717
414
-15274
-13680
-14117
312
-4189
10137
-7570
5772
-12019
4119
-14380
11228
24354
-1212
-19754
-31867
-6510
17041
-6466
25482
4227
22905
-18912
-5977
-4812
17430
4977
10782
20805
20194
-17071
10031
-21753
-26688
-17924
11326
20717
-20994
21598
13199
20394
11718
-3840
16481
-17760
-19094
-10885
12998
2447
-12851
10213
-21592
-18213
-4198
9699
-18525
-15035
19176
-3243
10270
11104
-15813
-7966
26619
27534
-21389
-23089
19985
-5115
3009
4917
19779
-13539
5577
-24774
5969

Sorted sequence:
-37220
-37207
-37138
-37103
-37102
-37095
-37076
-37066
-37023
-36897
-36857
-36777
-36769
-36651
-36634
-36624
-36582
-36453
-36365
-36351
-36317
-36298
-36148
-36005
-35956
-35859
-35851
-35818
-35661
-35363
-35329
-35233
-35173
-35083
-35083
-35047
-35007
-34935
-34908
-34838
-34821
-34613
-34610
-34557
-34551
-34528
-34315
-34280
-34204
-34187
-34033
-34003
-33954
-33893
-33694
-33462
-33454
-33430
-33358
-33329
-33310
-33252
-33240
-33235
-33123
-33004
-32977
-32971
-32853
-32791
-32786
-32783
-32746
-32692
-32640
-32595
-32458
-32392
-32257
-32238
-32235
-32007
-31935
-31867
-31774
-31770
-31757
-31554
-31524
-31476
-31440
-31335
-31323
-31260
-31245
-31058
-30821
-30792
-30587
-30325
-30285
-30266
-30245
-30209
-30126
-29899
-29871
-29804
-29613
-29540
-29462
-29426
-29388
-29268
-29186
-29086
-28898
-28863
-28821
-28817
-28733
-28613
-28612
-28604
-28246
-28240
-28184
-28026
-28020
-27989
-27968
-27954
-27903
-27845
-27821
-27803
-27777
-27632
-27612
-27524
-27477
-27396
-27349
-27307
-27241
-27135
-27085
-27057
-26996
-26961
-26956
-26913
-26814
-26725
-26707
-26688
-26668
-26656
-26647
-26647
-26557
-26537
-26509
-26439
-26372
-26352
-26165
-26113
-25962
-25876
-25872
-25851
-25837
-25798
-25796
-25766
-25742
-25741
-25735
-25709
-25695
-25579
-25578
-25359
-25341
-25319
-25309
-25259
-25209
-25165
-25105
-24997
-24965
-24935
-24914
-24828
-24780
-24774
-24652
-24633
-24412
-24213
-24036
-23968
-23923
-23905
-23853
-23831
-23737
-23701
-23585
-23560
-23521
-23520
-23507
-23424
-23384
-23336
-23240
-23226
-23212
-23190
-23150
-23089
-23070
-23017
-22988
-22966
-22947
-22933
-22927
-22848
-22790
-22760
-22729
-22664
-22578
-22494
-22474
-22455
-22445
-22265
-22156
-22038
-21944
-21839
-21753
-21649
-21592
-21395
-21389
-21344
-21336
-21309
-21239
-21169
-20994
-20897
-20880
-20859
-20815
-20786
-20740
-20700
-20659
-20356
-20337
-20298
-20189
-20159
-20038
-19995
-19979
-19900
-19900
-19849
-19815
-19754
-19733
-19646
-19444
-19396
-19363
-19337
-19217
-19192
-19094
-19083
-19010
-18966
-18912
-18753
-18752
-18673
-18649
-18607
-18592
-18525
-18485
-18213
-18143
-18105
-18099
-18092
-17924
-17913
-17852
-17817
-17760
-17697
-17671
-17605
-17344
-17320
-17314
-17280
-17148
-17124
-17103
-17071
-17039
-16941
-16937
-16855
-16685
-16656
-16548
-16509
-16498
-16487
-16436
-16436
-16267
-16228
-16145
-16127
-16110
-16020
-15872
-15859
-15834
-15813
-15768
-15749
-15726
-15601
-15535
-15526
-15274
-15236
-15205
-15179
-15119
-15035
-14984
-14861
-14832
-14731
-14718
-14717
-14647
-14543
-14538
-14447
-14409
-14380
-14318
-14217
-14117
-14022
-13947
-13777
-13680
-13652
-13611
-13539
-13495
-13379
-13355
-13310
-13224
-13213
-13202
-12942
-12851
-12815
-12792
-12739
-12701
-12651
-12613
-12567
-12548
-12509
-12508
-12366
-12269
-12262
-12245
-12236
-12236
-12221
-12165
-12068
-12048
-12033
-12019
-11997
-11881
-11868
-11865
-11818
-11703
-11696
-11490
-11307
-11238
-11217
-11123
-11109
-11106
-11100
-11000
-10885
-10564
-10564
-10456
-10429
-10289
-10260
-10258
-10211
-10187
-9992
-9857
-9830
-9790
-9783
-9662
-9510
-9502
-9394
-9390
-9284
-9242
-8959
-8882
-8787
-8567
-8530
-8506
-8415
-8404
-8360
-8354
-8012
-7994
-7979
-7966
-7897
-7895
-7857
-7829
-7818
-7699
-7674
-7618
-7599
-7588
-7570
-7538
-7508
-7378
-7339
-7333
-7176
-7176
-7138
-7064
-6941
-6717
-6648
-6611
-6562
-6510
-6466
-6466
-6461
-6347
-6144
-5984
-5977
-5829
-5658
-5556
-5533
-5373
-5346
-5286
-5151
-5115
-5112
-4937
-4893
-4812
-4792
-4761
-4700
-4198
-4189
-4189
-4155
-4079
-4076
-4032
-4030
-3973
-3959
-3948
-3857
-3840
-3815
-3812
-3621
-3569
-3560
-3512
-3365
-3327
-3322
-3243
-3149
-2926
-2823
-2715
-2534
-2390
-2349
-2258
-2165
-2095
-2037
-1968
-1908
-1891
-1886
-1858
-1666
-1575
-1560
-1343
-1225
-1218
-1212
-1212
-1192
-1144
-1007
-825
-725
-634
-610
-609
-530
-441
-433
-430
-394
-292
-238
-180
-162
-120
-15
0
10
47
69
112
137
146
258
312
341
358
385
387
397
414
448
464
510
550
662
687
768
862
1166
1268
1427
1518
1962
2131
2151
2178
2187
2221
2343
2381
2447
2533
2555
2696
2856
2898
2958
3009
3060
3417
3482
3543
3597
3630
3769
3786
3868
3990
3992
4045
4119
4153
4182
4227
4249
4280
4339
4497
4550
4582
4673
4765
4793
4799
4875
4917
4946
4950
4977
5153
5373
5435
5468
5577
5662
5747
5772
5931
5969
6111
6129
6175
6240
6375
6379
6453
6602
6613
6822
6944
7046
7261
7261
7316
7332
7344
7429
7508
7570
7712
7720
7763
7819
7822
7855
7934
8016
8202
8370
8606
8663
8668
8670
8671
8672
8733
8768
8926
9068
9264
9292
9486
9610
9699
9756
9800
9905
10031
10063
10072
10137
10141
10213
10270
10323
10382
10444
10582
10700
10711
10717
10782
10914
11001
11085
11093
11104
11114
11228
11289
11326
11347
11349
11425
11583
11586
11619
11633
11673
11674
11718
11892
12035
12093
12155
12173
12465
12476
12509
12560
12620
12853
12865
12866
12894
12998
13092
13199
13653
13703
13735
13778
13799
13840
13861
13960
14048
14056
14223
14299
14318
14346
14353
14375
14603
14621
14738
14787
14798
15194
15211
15250
15331
15369
15388
15636
15656
15735
15750
16051
16101
16151
16444
16473
16481
16508
16558
16576
16701
16768
16773
16906
16964
17041
17070
17079
17346
17383
17404
17417
17430
17437
17530
17686
17808
17848
17915
17947
17969
18036
18056
18063
18071
18114
18246
18355
18387
18489
18696
18723
18742
18816
18843
19100
19110
19148
19176
19176
19204
19287
19309
19338
19455
19584
19691
19707
19754
19779
19852
19949
19958
19985
20001
20031
20039
20055
20091
20093
20103
20106
20194
20230
20288
20378
20385
20394
20510
20542
20634
20647
20689
20717
20747
20754
20805
20915
20916
20935
21017
21058
21118
21146
21234
21267
21286
21323
21386
21576
21596
21598
21776
21793
21811
21816
21822
21910
21928
21936
22066
22090
22101
22107
22213
22229
22262
22382
22442
22598
22616
22672
22686
22695
22736
22742
22756
22757
22858
22905
22969
22969
22971
23134
23152
23247
23265
23308
23340
23351
23362
23401
23489
23625
23682
23776
24023
24055
24077
24354
24455
24520
24564
24570
24586
25019
25020
25043
25073
25098
25112
25116
25229
25234
25265
25281
25281
25380
25399
25433
25482
25508
25600
25620
25674
25677
25710
25766
25885
25922
25981
26145
26165
26232
26240
26312
26411
26472
26494
26594
26619
26759
26839
26888
26942
26964
26972
27305
27324
27365
27382
27427
27452
27472
27491
27534
27592
27599
27627
27803
28104
28175
28206

Running time: 0 ms
# Comparisons: 500500
