Unsorted sequence:
-14673
10897
-3351
-4439
1856
-28321
1205
-21014
27982
-3508
20612
-7515
-4619
-35468
-4021
-80
-23744
-11218
-4032
-9329
16421
-13396
6062
-24511
-36299
-31838
2704
-23391
21362
20717
18710
-21578
-29420
-12908
-21516
9704
-3960
16957
25959
-4245
17950
-14464
25508
-14936
20104
-6780
22252
860
-13497
22721
-3968
7424
-18942
-26173
20182
14795
12025
27386
-36863
5120
-12931
19115
20811
-5083
10708
-28972
-23646
-21519
-7515
6813
-21264
-17832
-3150
8744
-28268
-11313
6465
-34282
-5953
-2532
-7061
27347
-23375
-21503
-27092
1307
-34975
22201
427
-34569
-33714
24764
-10954
-8403
24181
-28513
-32875
-27732
20003
-3121
-16418
3239
-16453
17700
-16283
25315
10887
-5318
-4467
-23333
-3350
25740
-24252
-22225
-24030
18691
-16417
-21736
-20143
21278
13730
-16589
-14993
-25491
12277
-19079
-16735
16670
23224
7768
18049
-21461
-17259
6097
739
3726
-29623
16126
2908
3178
-35473
-28709
-32117
10310
19101
-18879
-32034
-25583
-36115
-14909
195
14883
-26998
22470
-6107
-10221
7891
-18342
-21817
-29919
26694
732
18655
-18832
11329
-8872
-10606
18974
11754
-35965
26652
13549
5361
-33732
-37176
-3804
17425
-31942
-24887
18578
23184
12577
-27573
-32080
-25988
-29180
-5033
19172
-10254
-22350
-6247
-11827
-17117
-15859
6610
-1288
-20231
504
22187
-3976
1808
20572
14073
11669
-8659
14166
12365
-19501
-13276
24747
3577
-18358
9057
-19496
19597
20337
-11408
19064
-21526
15606
-31552
-23273
8280
21366
-34631
19390
-8189
15173
-8373
-14269
-17070
-2065
-21963
-31263
14105
-26122
20171
-1797
-8355
11395
27450
-33045
-35230
-24528
17495
-11133
-32457
-22180
-20335
16052
-2073
-14619
-35487
-22060
-21520
-83
1830
-25209
-13177
-34810
-2209
7022
-32374
-19672
13027
18999
-8526
-27837
21702
-12381
20826
20886
-8158
22865
-31909
-18930
16232
5669
-36609
-32370
-6545
-1414
23046
28003
-18974
6026
-347
-12644
18086
23744
-10186
20377
-30269
27475
-27562
20026
18207
-31588
-36078
11643
-6701
22017
4262
-10359
-16153
-23147
-24788
-28188
19791
-24129
9478
17746
-21043
4257
17482
-35517
-17983
21635
-10893
-28164
-15656
-16579
-36054
-8656
-17370
6419
15870
5337
12099
17061
-11287
-22869
-21957
-2525
-28728
-33610
11597
-16248
8237
3121
-3109
-10552
25367
-19652
-34561
-18186
-17901
-15276
-24818
-24294
26595
-35974
-36372
-4959
25405
16293
-26807
13009
-6637
-10208
-30965
-13423
-28577
17113
21320
-20037
20771
4650
984
741
12271
2375
-5310
9371
19992
-2603
-37082
6591
-13379
8135
-13202
17716
-23338
-12306
-15510
-26200
-24280
27718
-8691
-26417
-10757
-35156
-2572
-2066
19225
23249
-17603
-21039
-368
20649
-15797
16404
27525
16161
-35260
19250
18058
-2306
-35194
-23588
10329
-11128
-1372
24259
-18934
20386
2560
26821
-12931
-34398
-27862
13580
482
-25934
16014
-8560
-30952
-29856
-25098
-26819
-4706
-3627
-5915
-5448
17034
-3907
18302
6825
-1713
-12392
-12263
13117
-19019
23633
9109
-685
-17016
16169
-34898
7321
19040
7275
25401
24022
18609
13148
-12805
-7842
-12208
-33403
2607
-12414
-32530
-31575
-13362
21772
-30982
9440
-32438
-28194
-31218
-7433
22191
19798
20700
-29735
-9154
-24583
23703
25983
-12762
-18292
4991
-15628
-22537
-4666
2020
-30842
24760
27081
-26976
-33668
19167
-22238
4792
-22461
4035
-21690
24247
8865
-12616
-2471
-26834
-18692
-10940
-34401
21609
-15593
11052
17045
14890
-29977
-29514
-8385
24431
-14783
-8551
-1816
24410
20709
-3002
-30833
24309
20666
16965
834
-30062
-7267
-16356
-1315
-26669
8297
715
16532
-5895
-5725
-13368
-12553
-16818
-30583
8992
-30194
9475
16746
-1311
5639
6463
-5362
-24443
2607
-12920
-22945
-23726
15889
-30546
-35028
21223
-23340
-5027
-23400
-20154
-27195
22165
17829
26605
20771
16604
-15030
-20049
-28480
-8345
26212
-21406
5631
-18077
-18217
-16997
-7113
13689
-36940
-32773
5269
-22616
13536
-7109
-15894
15777
-14153
-34733
15250
-285
-17619
25323
26381
4710
-9106
18885
-6953
13132
3336
1835
9288
-31487
-15071
-13348
20472
-28788
-25845
-14908
-10599
-25516
22354
-33597
-10864
7623
-3438
-22258
27900
-13091
-19723
14884
-8875
-32842
-20828
-10761
-23632
7334
12624
-26084
24967
-12307
-19749
5988
26242
2449
-2860
18447
-21839
8563
-24728
4831
20315
2126
8502
13951
-18518
9565
-36573
-18884
974
-19028
500
-36168
18166
-15828
-9661
-33733
-36760
-25304
-22549
-7293
-33110
-5029
-29572
-35135
1920
4836
-12188
17349
17899
-32416
-6087
9948
6978
6916
-4368
25728
20981
-3673
11344
-6312
-18200
16344
-5211
4466
-27750
-10372
-24767
5525
1593
22720
-30035
-27017
22191
-22339
7883
-4156
-13003
-32572
17693
-23371
-27720
16107
-8923
-16242
-5244
-8790
13986
-12530
-7963
-2936
-14342
11105
-14859
17715
-12696
27426
-20923
-32962
4684
-14830
27026
11917
-4579
20950
-5922
7804
-11473
18343
-20268
10720
-527
22047
-1440
-4950
-22462
-2184
23528
-36743
-10214
-12701
-35179
12713
-29863
-12769
-30607
27477
19157
-14262
-985
-4425
-24592
-2226
-20775
-24671
-9543
10572
20401
-16516
-32120
-28134
-34063
-28147
-34354
-31002
4172
-19548
-28686
-567
13745
-1631
24000
15834
15582
-1362
7565
22243
-34920
-1544
12482
1363
-34236
25158
-29130
15024
-27779
-34173
-35439
-2878
-13421
-30290
-26511
22551
-21169
-23597
-3951
-12497
26891
4632
24205
-20399
-25266
-12830
-32832
-5184
-9692
-20766
21559
-7344
14958
5774
-1481
-14778
-30102
-26111
-28021
12154
-23016
-26191
-18991
-31937
13554
-8234
-4885
-3115
-27330
-37103
21657
4061
4797
-15173
20930
-15969
-23503
-7402
16115
4074
9100
9408
1230
-4209
19682
4250
18281
26848
15407
-5239
10735
-3108
5838
-3755
-30545
23892
25279
1838
-7490
2449
2004
-14100
-21757
-21466
-24773
3673
-166
-11007
-31995
20449
-35200
14373
-31178
3298
14665
25773
-20719
-28089
-8414
-811
3940
6822
581
14278
7567
7304
9903
-28189
-19124
-25853
11529
20148
-35453
-5728
3182
-22957
-30321
7516
-29464
-25048
-301
-27396
26593
-26979
-19598
12991
3294
-35816
22171
-33386
641
-34924
-22064
-27045
-16145
22771
-15241
-34509
-33685
2903
9673
-17656
27551
-21279
13885
2467
25799
20832
-18284
-31932
-32483
-14085
-22060
-1390
-3795
-37158
16102
-28768
-35706
-22762
7881
-30565
-20418
23085
12425
705
-15179
-31082
-29303
-11595
-23679
-15130
-24751
-24394
859
26402
-17427
-1609
18967
-31211
-29041
-9016
-8027
18934
26863
-7322
19045
14698
1178
-12161
-36331
13560
-5457
13286
8378
11468
18492
-2300
-15114
26457
-9395
-1524
-16940
3122
-21418
-11580
1258
-1577
24079
24725
4480
-461
-12557
953
-9794
18806
-34636
-19016
5237
-28957
-26676
-26594
21871

Sorted sequence:
-37176
-37158
-37103
-37082
-36940
-36863
-36760
-36743
-36609
-36573
-36372
-36331
-36299
-36168
-36115
-36078
-36054
-35974
-35965
-35816
-35706
-35517
-35487
-35473
-35468
-35453
-35439
-35260
-35230
-35200
-35194
-35179
-35156
-35135
-35028
-34975
-34924
-34920
-34898
-34810
-34733
-34636
-34631
-34569
-34561
-34509
-34401
-34398
-34354
-34282
-34236
-34173
-34063
-33733
-33732
-33714
-33685
-33668
-33610
-33597
-33403
-33386
-33110
-33045
-32962
-32875
-32842
-32832
-32773
-32572
-32530
-32483
-32457
-32438
-32416
-32374
-32370
-32120
-32117
-32080
-32034
-31995
-31942
-31937
-31932
-31909
-31838
-31588
-31575
-31552
-31487
-31263
-31218
-31211
-31178
-31082
-31002
-30982
-30965
-30952
-30842
-30833
-30607
-30583
-30565
-30546
-30545
-30321
-30290
-30269
-30194
-30102
-30062
-30035
-29977
-29919
-29863
-29856
-29735
-29623
-29572
-29514
-29464
-29420
-29303
-29180
-29130
-29041
-28972
-28957
-28788
-28768
-28728
-28709
-28686
-28577
-28513
-28480
-28321
-28268
-28194
-28189
-28188
-28164
-28147
-28134
-28089
-28021
-27862
-27837
-27779
-27750
-27732
-27720
-27573
-27562
-27396
-27330
-27195
-27092
-27045
-27017
-26998
-26979
-26976
-26834
-26819
-26807
-26676
-26669
-26594
-26511
-26417
-26200
-26191
-26173
-26122
-26111
-26084
-25988
-25934
-25853
-25845
-25583
-25516
-25491
-25304
-25266
-25209
-25098
-25048
-24887
-24818
-24788
-24773
-24767
-24751
-24728
-24671
-24592
-24583
-24528
-24511
-24443
-24394
-24294
-24280
-24252
-24129
-24030
-23744
-23726
-23679
-23646
-23632
-23597
-23588
-23503
-23400
-23391
-23375
-23371
-23340
-23338
-23333
-23273
-23147
-23016
-22957
-22945
-22869
-22762
-22616
-22549
-22537
-22462
-22461
-22350
-22339
-22258
-22238
-22225
-22180
-22064
-22060
-22060
-21963
-21957
-21839
-21817
-21757
-21736
-21690
-21578
-21526
-21520
-21519
-21516
-21503
-21466
-21461
-21418
-21406
-21279
-21264
-21169
-21043
-21039
-21014
-20923
-20828
-20775
-20766
-20719
-20418
-20399
-20335
-20268
-20231
-20154
-20143
-20049
-20037
-19749
-19723
-19672
-19652
-19598
-19548
-19501
-19496
-19124
-19079
-19028
-19019
-19016
-18991
-18974
-18942
-18934
-18930
-18884
-18879
-18832
-18692
-18518
-18358
-18342
-18292
-18284
-18217
-18200
-18186
-18077
-17983
-17901
-17832
-17656
-17619
-17603
-17427
-17370
-17259
-17117
-17070
-17016
-16997
-16940
-16818
-16735
-16589
-16579
-16516
-16453
-16418
-16417
-16356
-16283
-16248
-16242
-16153
-16145
-15969
-15894
-15859
-15828
-15797
-15656
-15628
-15593
-15510
-15276
-15241
-15179
-15173
-15130
-15114
-15071
-15030
-14993
-14936
-14909
-14908
-14859
-14830
-14783
-14778
-14673
-14619
-14464
-14342
-14269
-14262
-14153
-14100
-14085
-13497
-13423
-13421
-13396
-13379
-13368
-13362
-13348
-13276
-13202
-13177
-13091
-13003
-12931
-12931
-12920
-12908
-12830
-12805
-12769
-12762
-12701
-12696
-12644
-12616
-12557
-12553
-12530
-12497
-12414
-12392
-12381
-12307
-12306
-12263
-12208
-12188
-12161
-11827
-11595
-11580
-11473
-11408
-11313
-11287
-11218
-11133
-11128
-11007
-10954
-10940
-10893
-10864
-10761
-10757
-10606
-10599
-10552
-10372
-10359
-10254
-10221
-10214
-10208
-10186
-9794
-9692
-9661
-9543
-9395
-9329
-9154
-9106
-9016
-8923
-8875
-8872
-8790
-8691
-8659
-8656
-8560
-8551
-8526
-8414
-8403
-8385
-8373
-8355
-8345
-8234
-8189
-8158
-8027
-7963
-7842
-7515
-7515
-7490
-7433
-7402
-7344
-7322
-7293
-7267
-7113
-7109
-7061
-6953
-6780
-6701
-6637
-6545
-6312
-6247
-6107
-6087
-5953
-5922
-5915
-5895
-5728
-5725
-5457
-5448
-5362
-5318
-5310
-5244
-5239
-5211
-5184
-5083
-5033
-5029
-5027
-4959
-4950
-4885
-4706
-4666
-4619
-4579
-4467
-4439
-4425
-4368
-4245
-4209
-4156
-4032
-4021
-3976
-3968
-3960
-3951
-3907
-3804
-3795
-3755
-3673
-3627
-3508
-3438
-3351
-3350
-3150
-3121
-3115
-3109
-3108
-3002
-2936
-2878
-2860
-2603
-2572
-2532
-2525
-2471
-2306
-2300
-2226
-2209
-2184
-2073
-2066
-2065
-1816
-1797
-1713
-1631
-1609
-1577
-1544
-1524
-1481
-1440
-1414
-1390
-1372
-1362
-1315
-1311
-1288
-985
-811
-685
-567
-527
-461
-368
-347
-301
-285
-166
-83
-80
195
427
482
500
504
581
641
705
715
732
739
741
834
859
860
953
974
984
1178
1205
1230
1258
1307
1363
1593
1808
1830
1835
1838
1856
1920
2004
2020
2126
2375
2449
2449
2467
2560
2607
2607
2704
2903
2908
3121
3122
3178
3182
3239
3294
3298
3336
3577
3673
3726
3940
4035
4061
4074
4172
4250
4257
4262
4466
4480
4632
4650
4684
4710
4792
4797
4831
4836
4991
5120
5237
5269
5337
5361
5525
5631
5639
5669
5774
5838
5988
6026
6062
6097
6419
6463
6465
6591
6610
6813
6822
6825
6916
6978
7022
7275
7304
7321
7334
7424
7516
7565
7567
7623
7768
7804
7881
7883
7891
8135
8237
8280
8297
8378
8502
8563
8744
8865
8992
9057
9100
9109
9288
9371
9408
9440
9475
9478
9565
9673
9704
9903
9948
10310
10329
10572
10708
10720
10735
10887
10897
11052
11105
11329
11344
11395
11468
11529
11597
11643
11669
11754
11917
12025
12099
12154
12271
12277
12365
12425
12482
12577
12624
12713
12991
13009
13027
13117
13132
13148
13286
13536
13549
13554
13560
13580
13689
13730
13745
13885
13951
13986
14073
14105
14166
14278
14373
14665
14698
14795
14883
14884
14890
14958
15024
15173
15250
15407
15582
15606
15777
15834
15870
15889
16014
16052
16102
16107
16115
16126
16161
16169
16232
16293
16344
16404
16421
16532
16604
16670
16746
16957
16965
17034
17045
17061
17113
17349
17425
17482
17495
17693
17700
17715
17716
17746
17829
17899
17950
18049
18058
18086
18166
18207
18281
18302
18343
18447
18492
18578
18609
18655
18691
18710
18806
18885
18934
18967
18974
18999
19040
19045
19064
19101
19115
19157
19167
19172
19225
19250
19390
19597
19682
19791
19798
19992
20003
20026
20104
20148
20171
20182
20315
20337
20377
20386
20401
20449
20472
20572
20612
20649
20666
20700
20709
20717
20771
20771
20811
20826
20832
20886
20930
20950
20981
21223
21278
21320
21362
21366
21559
21609
21635
21657
21702
21772
21871
22017
22047
22165
22171
22187
22191
22191
22201
22243
22252
22354
22470
22551
22720
22721
22771
22865
23046
23085
23184
23224
23249
23528
23633
23703
23744
23892
24000
24022
24079
24181
24205
24247
24259
24309
24410
24431
24725
24747
24760
24764
24967
25158
25279
25315
25323
25367
25401
25405
25508
25728
25740
25773
25799
25959
25983
26212
26242
26381
26402
26457
26593
26595
26605
26652
26694
26821
26848
26863
26891
27026
27081
27347
27386
27426
27450
27475
27477
27525
27551
27718
27900
27982
28003

Running time: 10 ms
# Comparisons: 498597
